Iteration 0
========================================
Best position: [-0.8337039   1.         -0.18150095 -0.59938613 -0.01399845 -0.45518687
 -0.28469998 -0.8878955   0.54827206 -1.         -0.10189318  0.81460084
  0.12465753 -0.09394708  1.          0.9375264   1.         -0.02671308
  0.38344576 -1.         -0.46571852 -0.06176495  0.48322391 -0.12288956
  0.91911678  1.          0.97857289 -0.20798412 -1.          0.7733115
  1.          0.97070509 -0.79981841 -0.35326414 -0.80463597 -0.67057931
 -0.41813611 -0.48182686  0.40050915  0.75497859  1.          0.88412001
  0.19626913  0.32655568 -0.17443255  1.          0.04696023 -0.78635487
 -0.28264475  0.529796   -0.36573483 -1.         -0.69596977 -0.14714314
  0.17482448 -1.          0.6751195  -0.0954938   1.         -0.56954337
 -0.57069828  0.57626137 -0.08199225  0.70485286 -0.67803144 -0.24345591
 -0.43220044 -1.         -0.3585145  -0.67024161 -0.44560554  0.68764786
  0.57613095  0.14631974  0.32223742  0.06673358  0.28365832  1.
 -0.30901397  0.02394722 -0.5779487  -0.81255514 -0.77244721 -0.80659422
 -0.62463377 -0.59996439  0.08683467 -0.74830888 -0.76721891  0.73789281
 -0.49648026 -0.34188878 -0.50035975  0.55918461  0.53118765 -0.96649179
  0.6170503   1.         -0.39719158  0.59765766  0.1659201   0.99330377
  0.99289465  0.76303524 -0.36952028  0.89417527  1.         -0.21794309
  0.59522159 -0.6283657   0.0968856  -0.26804301  0.49531444 -0.47873978
 -1.          0.30620739 -1.         -1.          0.12525198 -0.46481907
 -0.53051554  0.31239503  1.          0.66224869 -0.69497555  0.15986299
 -0.37207209  1.         -0.1728187  -1.         -0.37807915 -0.15423672
  0.18461132  0.85696543 -0.30929096 -0.69840358  0.22234511  0.78363203
 -0.18340386 -0.09041013  0.37661281 -0.34262173  0.16779107  0.96362883
 -0.15078375 -0.69607532 -0.75149007  0.28465703 -1.          1.
  0.10839337  0.70193218  0.46937344  0.77646731 -0.06433261  0.22781386
 -1.         -0.11181576  0.70946168 -0.03575587  0.75040719 -0.08877321
 -0.14825136  0.1590168  -0.21183894 -0.72535    -0.0714241  -1.
 -0.74876317 -1.          0.80957333 -0.80697453  0.29769333  1.
  0.39786755  1.          0.63254156  0.84119562  0.46015103  0.19110494]
Best fitness: 183.351183

Iteration 1
========================================
Best position: [-1.          1.          0.28108316 -0.65169619 -1.         -0.47498229
  0.47506006 -0.5727529  -0.00535378 -1.          1.          0.91657367
 -0.15463187  0.04364216  1.         -1.          1.         -1.
  1.         -0.4140387  -0.39298883  0.99224946  0.0223065  -0.6060267
 -0.05613571  0.1649376   1.         -1.         -1.          0.39286392
  0.15003476  0.74029703 -1.          0.44399555 -0.75812652 -0.59721138
 -0.5789951  -0.62660483 -0.58782872  0.07043156  1.         -0.59773189
  0.45157724  0.31304002 -1.          0.73644086 -0.42004649  0.11301102
 -1.          0.93021444 -0.72365711 -0.08749552  0.46463777  0.96396184
  0.23048467 -1.         -0.01203221  0.18409319 -1.         -1.
 -0.35598658  0.67695039 -0.62228134 -0.16857411 -0.24897225  0.66464565
  0.11578844 -1.          0.18856453  0.94064996 -0.2656871   1.
 -1.         -0.36430867  1.          0.53420347  0.89013759  1.
  1.          0.39289265 -0.13695719 -0.88728978 -0.11749331 -1.
 -0.58061809 -0.20002967  0.22318435 -0.87245694 -0.41077728  1.
 -0.09877995 -1.         -0.92278193  1.         -0.07473771  0.06815867
  0.85606796 -0.00730717 -1.          1.          0.4748309   1.
 -0.05522534 -0.65228921 -1.          0.66830742  0.69593026  0.57028708
 -0.08148123 -1.         -1.          1.          0.43693298 -0.33966376
 -1.         -0.99588137 -1.          0.39009779 -0.09995705  0.17729564
 -0.71425975 -0.87762541  0.71051229  0.58326509  0.86025508 -0.09215969
 -0.69765669  1.         -0.37253835 -1.          0.09985867 -0.21665572
  1.          0.47479761 -1.          0.24119185  1.         -0.25605766
 -1.          0.07092424  1.         -1.         -0.12246206  1.
 -0.95151186 -0.74487778 -0.46915601  1.          0.26262766  0.65084981
 -0.0131461   0.54945493  0.47911794  0.29162442 -0.35355247  0.93472618
  0.36394697  0.26997075  0.60179463 -0.35729385  0.49493251 -0.68133339
 -0.28893212  0.00813548  0.62262434 -0.81924739 -0.86155895 -0.6450973
 -0.51518709 -1.         -0.51793706 -0.20490124  0.09201647  0.61362277
  0.77591451  0.27514581  0.09056538  0.80394752  0.33254253 -0.85440918]
Best fitness: 170.868516

Iteration 2
========================================
Best position: [-1.          1.         -0.22455544  0.61744441 -0.57330963 -1.
  0.34852726 -1.          1.         -0.94163682 -0.47855677 -0.22966138
  1.         -0.17226356  0.96546904  0.68156729  0.46282318 -0.38543602
  1.         -0.79834169 -0.74695693  1.          1.         -0.2707739
  1.          0.81367683  0.92911347  0.357442   -1.          0.08155058
  1.          0.83654623 -0.51524284 -1.         -1.         -1.
 -0.84948805 -0.34110543 -0.93670418  0.94895335  1.          0.90490808
 -1.          0.35124202 -0.38642985 -0.4270235  -0.12455548 -0.46584452
 -0.20716057  1.         -1.         -0.83572443  1.          0.70967112
 -0.72197876 -1.          0.34132545  0.84928547  0.8825639  -0.31317743
 -0.96523635  0.22949664 -0.93439301  0.67096611 -0.90015051 -0.69956719
 -0.72929369 -1.          0.41922645 -0.14722284 -0.60683832 -0.68919763
  1.         -0.82805516 -0.07402753 -0.20157512  1.         -0.60665604
  1.          0.23978748 -0.51874986 -0.96615655  0.07527362 -1.
 -0.06065679 -0.51865229  1.         -0.99493946 -0.74594638  0.75525986
 -0.59793308 -1.         -0.90337278  0.66197962  0.3745148  -0.72041949
  1.          0.4393147  -0.88250593  1.          0.6097985   1.
  0.02638865 -0.25116736 -0.94731186  0.9308311   1.         -0.21912267
  1.         -0.63280363 -0.32136846  0.77915023 -0.51212223 -0.94524651
 -1.          0.40917449 -1.         -0.80224402 -0.42549826  0.76384038
 -1.         -0.41052198  0.89962323  0.9180242   0.62241713 -0.50288771
  0.15831959  1.         -0.66818298 -1.         -0.42441828 -1.
  0.41249436  0.84597535 -1.         -0.06786777  1.          0.98936713
 -0.39641939 -1.          0.45996661  0.69779881  0.58154679  1.
 -0.29189262 -0.31227807 -1.          0.42827091  0.42600442  1.
  0.39857306  1.          0.34273666  1.          0.29876838 -0.26219731
  0.63189892  1.         -0.58727321  0.2149003   0.02659745 -0.56879779
 -0.09841325  0.07948484 -0.67500995 -0.53249735 -1.         -1.
 -0.94065375 -0.77640726  0.78661273 -0.40190198 -0.6326341   0.97447138
  0.36166808  0.84997346  0.58665899  0.70476467  1.         -0.34628696]
Best fitness: 155.027557

Iteration 3
========================================
