Iteration 0
========================================
Best position: [-1.         -0.25211798 -0.16545563  0.59218246  0.84637913  0.51910913
  0.1176615   1.          0.92958842 -0.12766398 -1.          0.02935749
  0.34583359 -1.          0.35257623 -0.42935421 -0.67626309 -1.
  0.06420788  0.71553426 -0.46009547 -0.94365765  0.36759745 -0.17996298
  0.15508236 -0.46001156 -0.14543879  0.05504358  0.63516579  0.10617224
  0.57771328 -0.24850865 -1.          0.48203589  0.8702869   1.
  0.70587377  0.41578594  0.08136734  0.60086092 -0.84598518 -0.87613153
  1.          0.69712774  0.40441403 -0.74006292  0.12685823 -0.23529309
 -0.54066108 -0.95084131 -0.67372844 -0.03247013 -0.66043784 -0.63629821
 -0.58875565 -0.02357117 -0.16961607  1.          0.88318647  0.01077122
 -0.44502948 -0.43877169 -0.37477733  0.06486238  0.08272362  0.05038319
  0.58002206  1.          0.54869583 -0.01451405  0.30026177 -0.53357413
 -0.76801303 -0.31540254  0.0245786   1.         -1.          1.
 -0.42901035  0.66169887  0.10394386  0.49725554  0.0046329  -0.05624725
  0.37458816 -0.22560237 -0.41302145  0.51407555 -0.73252661 -0.13158303
  0.4385053   0.68891265 -0.33897254 -0.78657057  0.48342861 -0.04245153
 -0.24504405  0.31144077 -1.          0.08000278  0.84551899 -0.45914723
 -0.70524637  0.19693842 -0.25870162 -0.35220418 -0.6375876  -0.71697077
 -0.2694394  -0.78963256 -0.04626815 -0.12308636  0.00575704 -0.89520193
  0.31000425  0.71030223 -0.02050778  0.93577202  1.         -0.08181775
 -0.82134231 -0.32596551 -0.51335752 -0.74727441 -1.         -0.77555077
  0.14240953 -0.3876599   0.99278393  0.24096185 -0.04019122  1.        ]
Best fitness: 0.281723

Iteration 1
========================================
Best position: [-0.89053475 -0.31679391 -0.16367685  0.37787866  0.79340886  1.
  0.28002898  0.43318226  1.         -0.25205663 -1.          0.19108201
  0.30885218 -0.99675788  0.22624859 -0.65578408 -0.77935071 -1.
  0.1460548   0.61571212 -0.04358723 -0.79685387  0.32302743 -0.18228494
  0.49829046 -0.45916867  0.43244957  0.89334697  0.07955818  0.08738913
  0.4170731  -0.26826226 -0.28673284  0.55667191  0.24798361  1.
  0.92091088  0.41845725 -0.04543094  0.88219157 -1.         -0.11561105
  1.          0.70455284  0.08124276 -0.0807835   0.27629516 -0.03848645
 -0.46794084 -0.34416865 -0.63047398  0.30126817 -0.18736687 -0.65806096
 -1.          0.27010879  0.31505118  0.8807538   1.         -0.30625133
 -0.32600061 -0.23167364 -0.30583043  0.41445853  0.10018619 -0.09647276
  1.          1.          0.2603989   0.49184568  0.27678837 -0.41045527
 -0.40544427  0.11519209 -0.04097036  0.29600039 -1.          0.86399136
 -0.45452036  0.90508494  0.26686681  0.47417889 -0.14848485 -0.00252918
  0.4741653  -0.10241355  0.36899514  0.41932452 -0.400549   -0.25450896
  0.17862034  1.          0.14306334  0.04614612  0.39489863 -0.37717937
 -0.40761175  0.1356584  -0.76457023  0.16923431  0.47895693 -0.43216968
 -0.61354039  0.16677109 -0.76384883  0.26564405 -0.55516707 -0.80195357
 -0.94055969 -1.         -0.46464235 -0.08180994  0.76038481 -0.64313946
  0.37818344  0.33907984  0.43329923  0.57013861  0.66921586  0.1382497
 -0.80692565 -0.65306069 -0.11016087  0.36198542  0.38018259 -0.09942763
  0.31912306 -0.35595911  0.9052631   0.14032358  0.0288895   1.        ]
Best fitness: 0.285889

Iteration 2
========================================
Best position: [-1.         -0.15129729 -0.35570643  0.58155646  0.6674131   1.
 -0.28761839  0.17248819  1.         -0.25697952 -1.         -0.14726669
  0.44724855 -0.99558307  0.49335336 -0.32901545 -0.8852196  -1.
  0.08277297  0.6395539  -0.28352159 -0.67666883  0.27405936  0.00575126
  1.         -0.59375851  0.58792416  0.54665963  0.08751467  0.53155675
  0.4282638   0.53124312 -0.12112568  1.          0.94252712  1.
  0.9474163   0.4864574   0.39579002  1.         -0.3153871  -0.44715285
 -0.41199792  0.38844345  0.54161767 -0.17697546  0.2182082   0.06494378
 -0.8626513  -0.87361063 -1.         -0.20147857 -0.77647683 -1.
 -1.         -0.6874245   0.02518854  1.          1.          0.06087479
 -0.13403313 -0.5003577  -0.01300605  0.68067234  0.01870713 -0.18578526
  1.          1.          0.45953061  0.66998643  0.18648653 -0.77791157
 -0.1639276   0.26534398 -0.12440521  0.30971862 -1.          0.88979939
 -0.15559521  0.99079011  0.19385491  0.37980413  0.23146805  0.14735637
 -0.93859077  0.01809836 -0.16817417  1.         -0.85829852 -0.09517871
  0.04698806  0.805877   -0.40987565 -0.28309595  0.89031572 -0.52004373
 -0.03811167  0.52066905 -1.          0.06854984  0.86086411 -0.82216644
 -0.96019084 -0.3228275  -1.          0.29834566 -0.30465923 -1.
 -0.84146689 -0.60519799 -0.50068147  0.01285155  0.46552939 -0.5732181
  0.28853827  0.86006796 -0.06695353  0.96946905  1.         -0.10548143
 -1.         -0.64462385 -0.82512935  0.18264393  0.50545527  0.18759447
  0.23704337  0.01955138  0.86480651  0.07414127  0.10299133  1.        ]
Best fitness: 0.292548

Iteration 3
========================================
Best position: [-1.         -0.24899134 -0.00432969  0.85451933  0.86952941  1.
 -0.77938264 -0.1927693   1.         -0.04650163 -1.          0.5526715
  1.         -0.99179093  0.21594622 -0.93837036 -0.91761385 -1.
 -0.10431873  0.86887426 -0.89834449 -0.5869785   0.11487442 -0.76706735
  1.         -0.57047588 -0.36487709  0.79343281  0.19105384  0.49531365
  0.39674653  1.         -0.90489188  0.66760106  0.63244143  1.
  0.98735397  0.95107693  0.62107388  1.         -0.50663869 -0.80119881
 -1.          0.04898288  1.         -0.43108047  0.42388869  0.03927977
 -0.99976818 -1.         -1.         -0.15660258 -0.76039267 -1.
 -1.         -0.29414294 -0.03403234  1.          0.99522601 -0.15409447
 -0.17139967 -1.          0.11389999  1.          0.02209167 -0.28776986
  1.          1.          1.          1.          0.61976152 -1.
  0.39883196  0.49284521  0.27923137  0.7427249  -1.          0.76908065
 -0.0516489   1.         -0.03791913  0.6561566   0.44005983  0.07467315
 -0.93080747  0.45914481 -0.42247219  1.         -1.         -0.05650075
  0.24064938  0.6345833  -0.63973947 -0.1912176   0.96004167 -0.64175642
  0.21140386  1.         -1.         -0.29306512  0.68225581 -0.98013681
 -0.74602831 -0.30171914 -0.78929198  1.          0.39138013 -1.
 -0.94454845 -0.65717908 -0.90686862 -0.3698918   0.14925081 -0.90158627
  0.38922972  1.          1.          0.87495989  0.91235742  0.93922665
 -1.         -0.49176685 -0.75184312  0.4369309   1.         -0.01559205
  0.48781769  0.3149622   0.87324039 -0.49839774 -0.51206409  1.        ]
Best fitness: 0.294018

Iteration 4
========================================
Best position: [-1.         -0.28337078 -0.25135237  0.96026618  0.64337503  1.
 -1.         -0.24305249  1.         -0.07827508 -1.          0.43254787
  1.         -0.99166416  0.24278753 -0.87724553 -0.91542339 -1.
 -0.11389757  0.76516271 -1.         -0.70466467  0.15117377 -0.09098015
  1.         -0.72201651 -0.39840096  0.84529641  0.1490592   0.47361569
  0.40170684  0.97706336 -0.64777089  0.5641357   0.83209401  1.
  1.          0.45762202  0.51088898  1.         -0.53455678 -0.87448388
 -1.          0.18398049  0.91994482 -0.04546922  0.53310715  0.01116307
 -0.94416372 -0.92086531 -1.         -0.15736338 -0.7200018  -1.
 -1.         -0.43952264  0.15628146  1.          0.99574743 -0.17113498
 -0.11533713 -0.98440137  0.14988022  0.861053   -0.17055179 -0.35769252
  1.          1.          0.4625949   0.79566591  0.57512942 -0.98978749
  0.34909122  0.53501417  0.20977086  0.45465379 -1.          0.77962053
  0.0041454   0.9964096  -0.07210611  0.68226837  0.46774493  0.0518325
 -0.92863808  0.69497196 -0.31699738  1.         -1.         -0.2146063
  0.27274824  0.79297075 -0.73090604 -0.18135273  0.92972748 -0.6904453
  0.12707302  0.59043385 -1.         -0.17862322  0.69382209 -1.
 -0.85407221 -0.29742478 -0.66458096  0.36639135  0.13727924 -1.
 -0.84886946 -0.71655387 -0.78519504 -0.49258138  0.23305372 -0.83606838
  0.4527102   1.          0.60158398  0.83204303  0.86976668  0.4738546
 -1.         -0.51166045 -0.75447937  0.41221421  0.70384363  0.07255042
  0.67019941  0.23656984  0.87431312 -0.56639136 -0.47620811  1.        ]
Best fitness: 0.298248

Iteration 5
========================================
Best position: [-1.         -0.28337078 -0.25135237  0.96026618  0.64337503  1.
 -1.         -0.24305249  1.         -0.07827508 -1.          0.43254787
  1.         -0.99166416  0.24278753 -0.87724553 -0.91542339 -1.
 -0.11389757  0.76516271 -1.         -0.70466467  0.15117377 -0.09098015
  1.         -0.72201651 -0.39840096  0.84529641  0.1490592   0.47361569
  0.40170684  0.97706336 -0.64777089  0.5641357   0.83209401  1.
  1.          0.45762202  0.51088898  1.         -0.53455678 -0.87448388
 -1.          0.18398049  0.91994482 -0.04546922  0.53310715  0.01116307
 -0.94416372 -0.92086531 -1.         -0.15736338 -0.7200018  -1.
 -1.         -0.43952264  0.15628146  1.          0.99574743 -0.17113498
 -0.11533713 -0.98440137  0.14988022  0.861053   -0.17055179 -0.35769252
  1.          1.          0.4625949   0.79566591  0.57512942 -0.98978749
  0.34909122  0.53501417  0.20977086  0.45465379 -1.          0.77962053
  0.0041454   0.9964096  -0.07210611  0.68226837  0.46774493  0.0518325
 -0.92863808  0.69497196 -0.31699738  1.         -1.         -0.2146063
  0.27274824  0.79297075 -0.73090604 -0.18135273  0.92972748 -0.6904453
  0.12707302  0.59043385 -1.         -0.17862322  0.69382209 -1.
 -0.85407221 -0.29742478 -0.66458096  0.36639135  0.13727924 -1.
 -0.84886946 -0.71655387 -0.78519504 -0.49258138  0.23305372 -0.83606838
  0.4527102   1.          0.60158398  0.83204303  0.86976668  0.4738546
 -1.         -0.51166045 -0.75447937  0.41221421  0.70384363  0.07255042
  0.67019941  0.23656984  0.87431312 -0.56639136 -0.47620811  1.        ]
Best fitness: 0.298248

Iteration 6
========================================
Best position: [-1.         -0.32226573 -0.41755784  0.98028334  0.53761817  1.
 -1.         -0.09332662  1.         -0.01422519 -1.          0.69415627
  1.         -0.9851219   0.49355906 -0.89588775 -0.82741327 -1.
 -0.08355338  0.6251376  -1.         -0.666083    0.20142495  0.25943754
  1.         -0.70486496 -0.98790797  0.78191203  0.11996158  0.35184179
  0.28172687  0.96847145 -0.6974747   0.51916553  0.91936592  1.
  1.         -0.14580624  0.41378382  1.         -0.53348316 -0.67767043
 -1.         -0.20313863  0.88710841  0.19026658  0.61885533  0.23166949
 -0.97274687 -0.86998701 -1.         -0.07195373 -0.79543578 -1.
 -1.         -1.          0.12605362  1.          0.99404918  0.0983521
 -0.1665297  -0.97986818  0.03011695  0.97681995 -0.37525896 -0.269007
  1.          1.          0.33364223  0.71673888  0.42418636 -1.
  0.1445563   0.35349981  0.29159407  0.62849501 -1.          0.56965837
  0.52769227  0.99215188 -0.18755011  0.48208758  0.69606166 -0.0135079
 -0.92556213  0.94259535 -0.06877113  1.         -1.         -0.44611311
  0.62572232  0.81439407 -0.92014677 -0.40274707  1.         -0.55579825
  0.02676851  0.94323945 -1.         -0.45381926  0.64380119 -1.
 -0.85100849 -0.34209632 -0.43621713 -0.19986215 -0.22055289 -1.
 -0.77699839 -0.7983424  -0.6303577  -0.97913592  0.1372066  -0.80829621
  0.5794532   1.          0.71672207  0.74239236  0.96801096  0.72094799
 -1.         -0.59028793 -0.87920741  0.11744701  0.86437945  0.424147
  0.60331675  0.23666288  0.84234552 -0.8023403  -0.58922     1.        ]
Best fitness: 0.298251

Iteration 7
========================================
Best position: [-1.         -0.87783126 -0.30094058  1.          0.61191274  1.
 -1.         -0.29605614  1.          0.00171719 -1.          0.83503946
  1.         -0.99141725  0.13505349 -0.87071068 -0.89150899 -1.
 -0.06883036  0.57079831 -1.         -0.45377856  0.16900084  0.00655326
  1.         -0.64805713 -0.87627887  0.64897545  0.45276337  0.59890095
  0.27034316  0.97135212 -0.70238681  0.60594906  1.          1.
  1.          0.31974818  0.46697117  1.         -0.52784604 -0.54864005
 -1.          0.09771341  0.93786385  0.26014776  0.70400029  0.5829458
 -0.96187165 -0.89470659 -1.          0.11927925 -0.88420096 -1.
 -1.         -0.73503872 -0.16811128  1.          0.99597357 -0.09884251
 -0.39586816 -1.          0.01720539  0.97049602 -0.23142476 -0.29891639
  1.          1.          0.50729726  0.80068256  0.39527172 -1.
  0.14685183  0.2679556   0.33341477  0.62264372 -1.          0.53835094
  0.32579176  0.99308061 -0.24120972  0.5843778   0.50621088 -0.18719237
 -0.90697202  0.98744517 -0.09222558  1.         -0.99730124 -0.63998681
  0.84799266  0.72714891 -0.78826018 -0.18164145  1.         -0.46351758
 -0.04944955  1.         -1.         -0.51755714  0.56047905 -1.
 -0.91280462  0.41013532 -0.50057013  0.0043691   0.14048497 -1.
 -0.86634228 -0.87480704 -0.71289321 -0.86997086 -0.01643636 -0.849226
  0.47645163  1.          0.83180304  0.79267662  0.88971355  0.72833544
 -0.98579515 -0.83646458 -0.73651667  0.45355044  0.95690438  0.26603554
  0.47916708  0.39737608  0.87951475 -0.51286352 -0.60507864  1.        ]
Best fitness: 0.301162

Iteration 8
========================================
Best position: [-1.         -0.87783126 -0.30094058  1.          0.61191274  1.
 -1.         -0.29605614  1.          0.00171719 -1.          0.83503946
  1.         -0.99141725  0.13505349 -0.87071068 -0.89150899 -1.
 -0.06883036  0.57079831 -1.         -0.45377856  0.16900084  0.00655326
  1.         -0.64805713 -0.87627887  0.64897545  0.45276337  0.59890095
  0.27034316  0.97135212 -0.70238681  0.60594906  1.          1.
  1.          0.31974818  0.46697117  1.         -0.52784604 -0.54864005
 -1.          0.09771341  0.93786385  0.26014776  0.70400029  0.5829458
 -0.96187165 -0.89470659 -1.          0.11927925 -0.88420096 -1.
 -1.         -0.73503872 -0.16811128  1.          0.99597357 -0.09884251
 -0.39586816 -1.          0.01720539  0.97049602 -0.23142476 -0.29891639
  1.          1.          0.50729726  0.80068256  0.39527172 -1.
  0.14685183  0.2679556   0.33341477  0.62264372 -1.          0.53835094
  0.32579176  0.99308061 -0.24120972  0.5843778   0.50621088 -0.18719237
 -0.90697202  0.98744517 -0.09222558  1.         -0.99730124 -0.63998681
  0.84799266  0.72714891 -0.78826018 -0.18164145  1.         -0.46351758
 -0.04944955  1.         -1.         -0.51755714  0.56047905 -1.
 -0.91280462  0.41013532 -0.50057013  0.0043691   0.14048497 -1.
 -0.86634228 -0.87480704 -0.71289321 -0.86997086 -0.01643636 -0.849226
  0.47645163  1.          0.83180304  0.79267662  0.88971355  0.72833544
 -0.98579515 -0.83646458 -0.73651667  0.45355044  0.95690438  0.26603554
  0.47916708  0.39737608  0.87951475 -0.51286352 -0.60507864  1.        ]
Best fitness: 0.301162

Iteration 9
========================================
Best position: [-1.         -0.87783126 -0.30094058  1.          0.61191274  1.
 -1.         -0.29605614  1.          0.00171719 -1.          0.83503946
  1.         -0.99141725  0.13505349 -0.87071068 -0.89150899 -1.
 -0.06883036  0.57079831 -1.         -0.45377856  0.16900084  0.00655326
  1.         -0.64805713 -0.87627887  0.64897545  0.45276337  0.59890095
  0.27034316  0.97135212 -0.70238681  0.60594906  1.          1.
  1.          0.31974818  0.46697117  1.         -0.52784604 -0.54864005
 -1.          0.09771341  0.93786385  0.26014776  0.70400029  0.5829458
 -0.96187165 -0.89470659 -1.          0.11927925 -0.88420096 -1.
 -1.         -0.73503872 -0.16811128  1.          0.99597357 -0.09884251
 -0.39586816 -1.          0.01720539  0.97049602 -0.23142476 -0.29891639
  1.          1.          0.50729726  0.80068256  0.39527172 -1.
  0.14685183  0.2679556   0.33341477  0.62264372 -1.          0.53835094
  0.32579176  0.99308061 -0.24120972  0.5843778   0.50621088 -0.18719237
 -0.90697202  0.98744517 -0.09222558  1.         -0.99730124 -0.63998681
  0.84799266  0.72714891 -0.78826018 -0.18164145  1.         -0.46351758
 -0.04944955  1.         -1.         -0.51755714  0.56047905 -1.
 -0.91280462  0.41013532 -0.50057013  0.0043691   0.14048497 -1.
 -0.86634228 -0.87480704 -0.71289321 -0.86997086 -0.01643636 -0.849226
  0.47645163  1.          0.83180304  0.79267662  0.88971355  0.72833544
 -0.98579515 -0.83646458 -0.73651667  0.45355044  0.95690438  0.26603554
  0.47916708  0.39737608  0.87951475 -0.51286352 -0.60507864  1.        ]
Best fitness: 0.301162

Iteration 10
========================================
Best position: [-1.         -0.87783126 -0.30094058  1.          0.61191274  1.
 -1.         -0.29605614  1.          0.00171719 -1.          0.83503946
  1.         -0.99141725  0.13505349 -0.87071068 -0.89150899 -1.
 -0.06883036  0.57079831 -1.         -0.45377856  0.16900084  0.00655326
  1.         -0.64805713 -0.87627887  0.64897545  0.45276337  0.59890095
  0.27034316  0.97135212 -0.70238681  0.60594906  1.          1.
  1.          0.31974818  0.46697117  1.         -0.52784604 -0.54864005
 -1.          0.09771341  0.93786385  0.26014776  0.70400029  0.5829458
 -0.96187165 -0.89470659 -1.          0.11927925 -0.88420096 -1.
 -1.         -0.73503872 -0.16811128  1.          0.99597357 -0.09884251
 -0.39586816 -1.          0.01720539  0.97049602 -0.23142476 -0.29891639
  1.          1.          0.50729726  0.80068256  0.39527172 -1.
  0.14685183  0.2679556   0.33341477  0.62264372 -1.          0.53835094
  0.32579176  0.99308061 -0.24120972  0.5843778   0.50621088 -0.18719237
 -0.90697202  0.98744517 -0.09222558  1.         -0.99730124 -0.63998681
  0.84799266  0.72714891 -0.78826018 -0.18164145  1.         -0.46351758
 -0.04944955  1.         -1.         -0.51755714  0.56047905 -1.
 -0.91280462  0.41013532 -0.50057013  0.0043691   0.14048497 -1.
 -0.86634228 -0.87480704 -0.71289321 -0.86997086 -0.01643636 -0.849226
  0.47645163  1.          0.83180304  0.79267662  0.88971355  0.72833544
 -0.98579515 -0.83646458 -0.73651667  0.45355044  0.95690438  0.26603554
  0.47916708  0.39737608  0.87951475 -0.51286352 -0.60507864  1.        ]
Best fitness: 0.301162

Iteration 11
========================================
Best position: [-1.         -0.87783126 -0.30094058  1.          0.61191274  1.
 -1.         -0.29605614  1.          0.00171719 -1.          0.83503946
  1.         -0.99141725  0.13505349 -0.87071068 -0.89150899 -1.
 -0.06883036  0.57079831 -1.         -0.45377856  0.16900084  0.00655326
  1.         -0.64805713 -0.87627887  0.64897545  0.45276337  0.59890095
  0.27034316  0.97135212 -0.70238681  0.60594906  1.          1.
  1.          0.31974818  0.46697117  1.         -0.52784604 -0.54864005
 -1.          0.09771341  0.93786385  0.26014776  0.70400029  0.5829458
 -0.96187165 -0.89470659 -1.          0.11927925 -0.88420096 -1.
 -1.         -0.73503872 -0.16811128  1.          0.99597357 -0.09884251
 -0.39586816 -1.          0.01720539  0.97049602 -0.23142476 -0.29891639
  1.          1.          0.50729726  0.80068256  0.39527172 -1.
  0.14685183  0.2679556   0.33341477  0.62264372 -1.          0.53835094
  0.32579176  0.99308061 -0.24120972  0.5843778   0.50621088 -0.18719237
 -0.90697202  0.98744517 -0.09222558  1.         -0.99730124 -0.63998681
  0.84799266  0.72714891 -0.78826018 -0.18164145  1.         -0.46351758
 -0.04944955  1.         -1.         -0.51755714  0.56047905 -1.
 -0.91280462  0.41013532 -0.50057013  0.0043691   0.14048497 -1.
 -0.86634228 -0.87480704 -0.71289321 -0.86997086 -0.01643636 -0.849226
  0.47645163  1.          0.83180304  0.79267662  0.88971355  0.72833544
 -0.98579515 -0.83646458 -0.73651667  0.45355044  0.95690438  0.26603554
  0.47916708  0.39737608  0.87951475 -0.51286352 -0.60507864  1.        ]
Best fitness: 0.301162

Iteration 12
========================================
Best position: [-0.99991617 -0.70146612 -0.54702603  0.99983248  0.51533573  1.
 -0.99985472 -0.26592748  1.         -0.0109816  -1.          0.77236244
  1.         -0.99168518  0.18026931 -0.86022552 -0.87691044 -1.
 -0.06673857  0.60101611 -1.         -0.32525804  0.14748697 -0.0036348
  1.         -0.68061817 -0.87178889  0.78546757  0.31419689  0.49158805
  0.27357559  0.96954854 -0.67395929  0.56523821  1.          1.
  1.          0.28300479  0.4378655   1.         -0.51727258 -0.70091364
 -1.          0.06696574  0.92086903  0.42556378  0.71121535  0.59579725
 -0.95401764 -0.89002158 -1.         -0.01556431 -0.89372461 -1.
 -0.99984965 -0.4390465   0.15855326  1.          0.99494448 -0.13568505
 -0.2664887  -1.         -0.05553244  0.92872254 -0.21652294 -0.33924945
  1.          1.          0.3810385   0.82816566  0.41230239 -1.
  0.10749425  0.31861113  0.32937     0.6367794  -1.          0.51949518
  0.09022088  0.99123899 -0.19787941  0.66345524  0.53058629  0.13849858
 -0.80850257  0.99258809 -0.07208198  1.         -0.99808224 -0.38936425
  0.71769088  0.66244353 -0.7206521  -0.18252231  0.99984848 -0.62324553
 -0.10786816  0.97671866 -1.         -0.5625321   0.62524699 -0.99961698
 -0.86834891 -0.01383742 -0.5452629   0.08550101 -0.17734865 -1.
 -0.85003231 -0.80633668 -0.86404042 -0.8410115  -0.04870516 -0.82005616
  0.49801372  1.          0.85640303  0.78387283  0.84969253  0.65153681
 -0.97626    -0.72034963 -0.61168887  0.44280366  0.95142409 -0.16720503
  0.58259243  0.30346314  0.8732822  -0.14101863 -0.64625831  1.        ]
Best fitness: 0.301192

Iteration 13
========================================
Best position: [-9.99884114e-01 -7.00803784e-01 -6.03289807e-01  9.82670569e-01
  7.25025134e-01  1.00000000e+00 -9.99787817e-01 -2.08561266e-01
  1.00000000e+00 -2.28944676e-01 -1.00000000e+00  8.65044282e-01
  1.00000000e+00 -9.90522500e-01  1.96390888e-01 -8.67932803e-01
 -8.57098815e-01 -1.00000000e+00 -1.03825736e-01  5.66708090e-01
 -1.00000000e+00 -3.75465508e-01  2.11827494e-01 -4.57859732e-02
  1.00000000e+00 -6.64493368e-01 -9.51365163e-01  7.93429377e-01
  5.71353440e-01  5.97026096e-01  1.01601173e-01  9.74533530e-01
 -3.89691228e-01  5.64316010e-01  6.61493309e-01  1.00000000e+00
  1.00000000e+00  4.02953266e-01  5.45176740e-01  1.00000000e+00
 -5.23968938e-01 -7.63857303e-01 -9.91936598e-01  6.35461900e-04
  9.16554352e-01  4.87807594e-01  7.09935267e-01  6.95548814e-01
 -9.67708328e-01 -8.74618263e-01 -1.00000000e+00 -2.11733853e-02
 -9.11805294e-01 -1.00000000e+00 -9.99891491e-01 -3.21603439e-01
 -5.09859776e-01  1.00000000e+00  9.95569659e-01 -9.41803288e-02
 -3.27848017e-01 -1.00000000e+00 -1.46785840e-01  9.55491389e-01
 -1.50668101e-01 -3.05168797e-01  1.00000000e+00  1.00000000e+00
  5.32758601e-01  8.66525691e-01  4.67004229e-01 -1.00000000e+00
  1.66471281e-01  2.96684512e-01  2.56122485e-01  6.10567935e-01
 -1.00000000e+00  9.32940427e-01  8.80536787e-01  9.94229534e-01
 -2.41023862e-01  7.12524359e-01  3.66641184e-01  3.28031763e-01
 -8.60676282e-01  1.00000000e+00 -9.12039227e-02  1.00000000e+00
 -1.00000000e+00 -2.95129885e-01  8.91518062e-01  4.25295097e-01
 -6.38209807e-01 -2.08104464e-01  9.99778100e-01 -5.66874985e-01
 -4.50192989e-02  9.76417702e-01 -1.00000000e+00 -7.09204299e-01
  5.38222192e-01 -9.99647111e-01 -8.99890593e-01 -3.11767297e-01
 -6.28606178e-01 -3.29628864e-01 -9.81518849e-02 -1.00000000e+00
 -8.81933999e-01 -8.52638449e-01 -9.60697168e-01 -3.03860099e-01
 -1.84112964e-02 -7.85328193e-01  6.02985544e-01  1.00000000e+00
  7.52793424e-01  7.97296328e-01  8.60587705e-01  7.92651757e-01
 -9.75438169e-01 -8.96895623e-01 -6.75818042e-01  4.56395267e-01
  9.59640580e-01 -2.74716195e-01  4.38526877e-01  5.01852576e-01
  8.40261647e-01 -2.71814031e-01 -7.50870794e-01  1.00000000e+00]
Best fitness: 0.301912

Iteration 14
========================================
Best position: [-0.99987814 -0.63114996 -0.62864742  0.98801544  0.54009015  1.
 -0.9996268  -0.22535673  1.         -0.01706391 -1.          0.82411756
  1.         -0.98918037  0.271737   -1.         -0.76029628 -1.
 -0.14758447  0.56569837 -1.         -0.34522472  0.10049691 -0.01944047
  1.         -0.78667386 -0.9870174   0.81797898  0.71766791  0.53846161
  0.22737018  0.96086849 -0.17187914  0.5431678   0.83655463  1.
  1.          0.47186348  0.61828832  1.         -0.42266715 -0.88649955
 -0.99414434  0.19139917  0.92657926  0.66154147  0.69391848  0.69096472
 -0.96100739 -0.87686238 -1.          0.09652166 -0.93707899 -1.
 -0.9998217  -0.22281168  0.22819887  1.          0.99458304 -0.14059645
 -0.44042585 -0.99995537  0.01412036  0.96807156 -0.11390346 -0.33691123
  1.          1.          0.20971047  0.90279599  0.47534999 -1.
  0.14012745  0.3121462   0.28739522  0.74491225 -1.          0.50594507
  1.          0.99248199 -0.23708006  0.72341687  0.59967683  0.0362235
 -0.85935559  0.99188861 -0.02677752  1.         -1.         -0.30784226
  0.74399158  0.43073071 -0.71794724 -0.2268944   0.9999456  -0.72042139
 -0.05660178  0.98454275 -1.         -0.69154388  0.54185046 -0.99917608
 -0.85175219  0.03827975 -0.62921152 -0.11567975 -0.05883745 -1.
 -0.87554167 -0.90179215 -0.92500747 -0.14013889 -0.06028768 -0.82826937
  0.58155888  1.          0.7930229   0.78620296  1.          1.
 -0.96480756 -0.57215644 -0.56736661  0.44423314  0.96600712 -0.64457151
  0.59877427  0.34181395  0.8156973  -0.1220862  -0.73151672  1.        ]
Best fitness: 0.303575

Iteration 15
========================================
Best position: [-0.99987814 -0.63114996 -0.62864742  0.98801544  0.54009015  1.
 -0.9996268  -0.22535673  1.         -0.01706391 -1.          0.82411756
  1.         -0.98918037  0.271737   -1.         -0.76029628 -1.
 -0.14758447  0.56569837 -1.         -0.34522472  0.10049691 -0.01944047
  1.         -0.78667386 -0.9870174   0.81797898  0.71766791  0.53846161
  0.22737018  0.96086849 -0.17187914  0.5431678   0.83655463  1.
  1.          0.47186348  0.61828832  1.         -0.42266715 -0.88649955
 -0.99414434  0.19139917  0.92657926  0.66154147  0.69391848  0.69096472
 -0.96100739 -0.87686238 -1.          0.09652166 -0.93707899 -1.
 -0.9998217  -0.22281168  0.22819887  1.          0.99458304 -0.14059645
 -0.44042585 -0.99995537  0.01412036  0.96807156 -0.11390346 -0.33691123
  1.          1.          0.20971047  0.90279599  0.47534999 -1.
  0.14012745  0.3121462   0.28739522  0.74491225 -1.          0.50594507
  1.          0.99248199 -0.23708006  0.72341687  0.59967683  0.0362235
 -0.85935559  0.99188861 -0.02677752  1.         -1.         -0.30784226
  0.74399158  0.43073071 -0.71794724 -0.2268944   0.9999456  -0.72042139
 -0.05660178  0.98454275 -1.         -0.69154388  0.54185046 -0.99917608
 -0.85175219  0.03827975 -0.62921152 -0.11567975 -0.05883745 -1.
 -0.87554167 -0.90179215 -0.92500747 -0.14013889 -0.06028768 -0.82826937
  0.58155888  1.          0.7930229   0.78620296  1.          1.
 -0.96480756 -0.57215644 -0.56736661  0.44423314  0.96600712 -0.64457151
  0.59877427  0.34181395  0.8156973  -0.1220862  -0.73151672  1.        ]
Best fitness: 0.303575

Iteration 16
========================================
Best position: [-0.99987814 -0.63114996 -0.62864742  0.98801544  0.54009015  1.
 -0.9996268  -0.22535673  1.         -0.01706391 -1.          0.82411756
  1.         -0.98918037  0.271737   -1.         -0.76029628 -1.
 -0.14758447  0.56569837 -1.         -0.34522472  0.10049691 -0.01944047
  1.         -0.78667386 -0.9870174   0.81797898  0.71766791  0.53846161
  0.22737018  0.96086849 -0.17187914  0.5431678   0.83655463  1.
  1.          0.47186348  0.61828832  1.         -0.42266715 -0.88649955
 -0.99414434  0.19139917  0.92657926  0.66154147  0.69391848  0.69096472
 -0.96100739 -0.87686238 -1.          0.09652166 -0.93707899 -1.
 -0.9998217  -0.22281168  0.22819887  1.          0.99458304 -0.14059645
 -0.44042585 -0.99995537  0.01412036  0.96807156 -0.11390346 -0.33691123
  1.          1.          0.20971047  0.90279599  0.47534999 -1.
  0.14012745  0.3121462   0.28739522  0.74491225 -1.          0.50594507
  1.          0.99248199 -0.23708006  0.72341687  0.59967683  0.0362235
 -0.85935559  0.99188861 -0.02677752  1.         -1.         -0.30784226
  0.74399158  0.43073071 -0.71794724 -0.2268944   0.9999456  -0.72042139
 -0.05660178  0.98454275 -1.         -0.69154388  0.54185046 -0.99917608
 -0.85175219  0.03827975 -0.62921152 -0.11567975 -0.05883745 -1.
 -0.87554167 -0.90179215 -0.92500747 -0.14013889 -0.06028768 -0.82826937
  0.58155888  1.          0.7930229   0.78620296  1.          1.
 -0.96480756 -0.57215644 -0.56736661  0.44423314  0.96600712 -0.64457151
  0.59877427  0.34181395  0.8156973  -0.1220862  -0.73151672  1.        ]
Best fitness: 0.303575

Iteration 17
========================================
Best position: [-0.99987814 -0.63114996 -0.62864742  0.98801544  0.54009015  1.
 -0.9996268  -0.22535673  1.         -0.01706391 -1.          0.82411756
  1.         -0.98918037  0.271737   -1.         -0.76029628 -1.
 -0.14758447  0.56569837 -1.         -0.34522472  0.10049691 -0.01944047
  1.         -0.78667386 -0.9870174   0.81797898  0.71766791  0.53846161
  0.22737018  0.96086849 -0.17187914  0.5431678   0.83655463  1.
  1.          0.47186348  0.61828832  1.         -0.42266715 -0.88649955
 -0.99414434  0.19139917  0.92657926  0.66154147  0.69391848  0.69096472
 -0.96100739 -0.87686238 -1.          0.09652166 -0.93707899 -1.
 -0.9998217  -0.22281168  0.22819887  1.          0.99458304 -0.14059645
 -0.44042585 -0.99995537  0.01412036  0.96807156 -0.11390346 -0.33691123
  1.          1.          0.20971047  0.90279599  0.47534999 -1.
  0.14012745  0.3121462   0.28739522  0.74491225 -1.          0.50594507
  1.          0.99248199 -0.23708006  0.72341687  0.59967683  0.0362235
 -0.85935559  0.99188861 -0.02677752  1.         -1.         -0.30784226
  0.74399158  0.43073071 -0.71794724 -0.2268944   0.9999456  -0.72042139
 -0.05660178  0.98454275 -1.         -0.69154388  0.54185046 -0.99917608
 -0.85175219  0.03827975 -0.62921152 -0.11567975 -0.05883745 -1.
 -0.87554167 -0.90179215 -0.92500747 -0.14013889 -0.06028768 -0.82826937
  0.58155888  1.          0.7930229   0.78620296  1.          1.
 -0.96480756 -0.57215644 -0.56736661  0.44423314  0.96600712 -0.64457151
  0.59877427  0.34181395  0.8156973  -0.1220862  -0.73151672  1.        ]
Best fitness: 0.303575

Iteration 18
========================================
Best position: [-0.99987814 -0.63114996 -0.62864742  0.98801544  0.54009015  1.
 -0.9996268  -0.22535673  1.         -0.01706391 -1.          0.82411756
  1.         -0.98918037  0.271737   -1.         -0.76029628 -1.
 -0.14758447  0.56569837 -1.         -0.34522472  0.10049691 -0.01944047
  1.         -0.78667386 -0.9870174   0.81797898  0.71766791  0.53846161
  0.22737018  0.96086849 -0.17187914  0.5431678   0.83655463  1.
  1.          0.47186348  0.61828832  1.         -0.42266715 -0.88649955
 -0.99414434  0.19139917  0.92657926  0.66154147  0.69391848  0.69096472
 -0.96100739 -0.87686238 -1.          0.09652166 -0.93707899 -1.
 -0.9998217  -0.22281168  0.22819887  1.          0.99458304 -0.14059645
 -0.44042585 -0.99995537  0.01412036  0.96807156 -0.11390346 -0.33691123
  1.          1.          0.20971047  0.90279599  0.47534999 -1.
  0.14012745  0.3121462   0.28739522  0.74491225 -1.          0.50594507
  1.          0.99248199 -0.23708006  0.72341687  0.59967683  0.0362235
 -0.85935559  0.99188861 -0.02677752  1.         -1.         -0.30784226
  0.74399158  0.43073071 -0.71794724 -0.2268944   0.9999456  -0.72042139
 -0.05660178  0.98454275 -1.         -0.69154388  0.54185046 -0.99917608
 -0.85175219  0.03827975 -0.62921152 -0.11567975 -0.05883745 -1.
 -0.87554167 -0.90179215 -0.92500747 -0.14013889 -0.06028768 -0.82826937
  0.58155888  1.          0.7930229   0.78620296  1.          1.
 -0.96480756 -0.57215644 -0.56736661  0.44423314  0.96600712 -0.64457151
  0.59877427  0.34181395  0.8156973  -0.1220862  -0.73151672  1.        ]
Best fitness: 0.303575

Iteration 19
========================================
Best position: [-0.99987814 -0.63114996 -0.62864742  0.98801544  0.54009015  1.
 -0.9996268  -0.22535673  1.         -0.01706391 -1.          0.82411756
  1.         -0.98918037  0.271737   -1.         -0.76029628 -1.
 -0.14758447  0.56569837 -1.         -0.34522472  0.10049691 -0.01944047
  1.         -0.78667386 -0.9870174   0.81797898  0.71766791  0.53846161
  0.22737018  0.96086849 -0.17187914  0.5431678   0.83655463  1.
  1.          0.47186348  0.61828832  1.         -0.42266715 -0.88649955
 -0.99414434  0.19139917  0.92657926  0.66154147  0.69391848  0.69096472
 -0.96100739 -0.87686238 -1.          0.09652166 -0.93707899 -1.
 -0.9998217  -0.22281168  0.22819887  1.          0.99458304 -0.14059645
 -0.44042585 -0.99995537  0.01412036  0.96807156 -0.11390346 -0.33691123
  1.          1.          0.20971047  0.90279599  0.47534999 -1.
  0.14012745  0.3121462   0.28739522  0.74491225 -1.          0.50594507
  1.          0.99248199 -0.23708006  0.72341687  0.59967683  0.0362235
 -0.85935559  0.99188861 -0.02677752  1.         -1.         -0.30784226
  0.74399158  0.43073071 -0.71794724 -0.2268944   0.9999456  -0.72042139
 -0.05660178  0.98454275 -1.         -0.69154388  0.54185046 -0.99917608
 -0.85175219  0.03827975 -0.62921152 -0.11567975 -0.05883745 -1.
 -0.87554167 -0.90179215 -0.92500747 -0.14013889 -0.06028768 -0.82826937
  0.58155888  1.          0.7930229   0.78620296  1.          1.
 -0.96480756 -0.57215644 -0.56736661  0.44423314  0.96600712 -0.64457151
  0.59877427  0.34181395  0.8156973  -0.1220862  -0.73151672  1.        ]
Best fitness: 0.303575

Iteration 20
========================================
Best position: [-0.99989657 -0.65130902 -0.55889064  0.98150632  0.53749539  1.
 -0.99968557 -0.19348712  1.         -0.06968221 -1.          0.8233668
  1.         -0.98888247  0.18239748 -1.         -0.7211192  -1.
 -0.17798294  0.61258611 -1.         -0.23724141  0.09151345 -0.02305193
  0.99047083 -0.734477   -0.97577137  0.84923834  0.83945279  0.53373766
  0.2192106   0.95968174  0.01712643  0.59098623  0.7813914   1.
  1.          0.58329257  1.          1.         -0.48839471 -0.64772451
 -1.          0.54033597  0.91529363  0.66287323  0.66198346  0.73065584
 -0.97045394 -0.79523773 -1.          0.11068466 -0.80303712 -1.
 -1.         -0.33196168  0.37375744  1.          0.99460248 -0.04057893
 -0.4248331  -0.99930661  0.05499529  0.95888911 -0.25998707 -0.36263256
  1.          1.          0.36318646  0.87937028  0.499803   -1.
  0.12327889  0.34322497  0.2924385   0.67040705 -0.99891769  0.83502101
  0.92857971  0.99329436 -0.23957858  0.69516006  0.61579918  0.01858477
 -0.83432312  0.99125285 -0.06081508  0.99814689 -0.98964341 -0.43733828
  0.76571548  0.34745425 -0.65787409 -0.16529179  0.99994424 -0.52065005
 -0.11458983  0.95267858 -1.         -0.70667746  0.52123267 -1.
 -0.8640403  -0.17175919 -0.65510642 -0.2941303  -0.1640151  -1.
 -0.89818977 -0.87204183 -1.         -0.18770596 -0.18245679 -0.59610566
  0.38697303  1.          0.54495761  0.78768295  0.94114616  0.86717227
 -0.96121408 -0.81991303 -0.68898781  0.42627778  0.97774439 -0.48539001
  0.59007987  0.31068471  0.84395779 -0.00980945 -0.81465606  1.        ]
Best fitness: 0.303575

Iteration 21
========================================
Best position: [-0.99987814 -0.63114996 -0.62864742  0.98801544  0.54009015  1.
 -0.9996268  -0.22535673  1.         -0.01706391 -1.          0.82411756
  1.         -0.98918037  0.271737   -1.         -0.76029628 -1.
 -0.14758447  0.56569837 -1.         -0.34522472  0.10049691 -0.01944047
  1.         -0.78667386 -0.9870174   0.81797898  0.71766791  0.53846161
  0.22737018  0.96086849 -0.17187914  0.5431678   0.83655463  1.
  1.          0.47186348  0.61828832  1.         -0.42266715 -0.88649955
 -0.99414434  0.19139917  0.92657926  0.66154147  0.69391848  0.69096472
 -0.96100739 -0.87686238 -1.          0.09652166 -0.93707899 -1.
 -0.9998217  -0.22281168  0.22819887  1.          0.99458304 -0.14059645
 -0.44042585 -0.99995537  0.01412036  0.96807156 -0.11390346 -0.33691123
  1.          1.          0.20971047  0.90279599  0.47534999 -1.
  0.14012745  0.3121462   0.28739522  0.74491225 -1.          0.50594507
  1.          0.99248199 -0.23708006  0.72341687  0.59967683  0.0362235
 -0.85935559  0.99188861 -0.02677752  1.         -1.         -0.30784226
  0.74399158  0.43073071 -0.71794724 -0.2268944   0.9999456  -0.72042139
 -0.05660178  0.98454275 -1.         -0.69154388  0.54185046 -0.99917608
 -0.85175219  0.03827975 -0.62921152 -0.11567975 -0.05883745 -1.
 -0.87554167 -0.90179215 -0.92500747 -0.14013889 -0.06028768 -0.82826937
  0.58155888  1.          0.7930229   0.78620296  1.          1.
 -0.96480756 -0.57215644 -0.56736661  0.44423314  0.96600712 -0.64457151
  0.59877427  0.34181395  0.8156973  -0.1220862  -0.73151672  1.        ]
Best fitness: 0.303575

Iteration 22
========================================
Best position: [-0.9998702  -0.6296969  -0.62858838  0.98006601  0.56916125  1.
 -0.99963277 -0.20301539  1.         -0.21012321 -1.          0.83804521
  1.         -0.98770307  0.21611186 -0.99377709 -0.72534868 -1.
 -0.16040413  0.57860551 -1.         -0.16369129  0.10105764 -0.11334003
  0.99628535 -0.80249185 -0.98772018  0.82487119  1.          0.4947903
  0.14962575  0.96079864  0.00139177  0.59259783  0.76341866  1.
  1.          0.54384269  1.          1.         -0.40714703 -0.52910223
 -0.99677842  0.91591405  0.89643503  0.68017078  0.59587816  0.6733488
 -0.96563385 -0.81596703 -1.          0.11071045 -0.81665997 -1.
 -0.99991625 -0.13829171  0.3344172   1.          0.99472408 -0.05747476
 -0.4119648  -0.99942393  0.15179046  0.95547036 -0.00321693 -0.38617187
  1.          1.          0.12099227  0.9041955   0.57134573 -1.
  0.17548409  0.34621248  0.29052002  0.60828961 -0.99928316  0.87297054
  0.98864369  0.99293683 -0.24771349  0.93120229  0.58460369  0.28535454
 -0.85318911  0.9891338  -0.10806882  0.99679044 -0.99629882 -0.34163751
  0.82034371  0.26529445 -0.61522246 -0.17297758  0.99985209 -0.33961615
 -0.06993815  0.93755974 -1.         -0.67619473  0.51453377 -0.99920948
 -0.85093481 -0.21008548 -0.70276721 -0.30101165 -0.03047357 -1.
 -0.8815553  -0.87360972 -0.85572738 -0.32810406 -0.15546597 -0.63031157
  0.4767764   1.          0.5030622   0.78725251  0.99339078  0.82168379
 -0.96251233 -1.         -0.60563883  0.41525228  0.97907119 -0.31203423
  0.60299144  0.32751912  0.79393647 -0.02788955 -0.75548755  1.        ]
Best fitness: 0.304155

Iteration 23
========================================
Best position: [-0.9998702  -0.6296969  -0.62858838  0.98006601  0.56916125  1.
 -0.99963277 -0.20301539  1.         -0.21012321 -1.          0.83804521
  1.         -0.98770307  0.21611186 -0.99377709 -0.72534868 -1.
 -0.16040413  0.57860551 -1.         -0.16369129  0.10105764 -0.11334003
  0.99628535 -0.80249185 -0.98772018  0.82487119  1.          0.4947903
  0.14962575  0.96079864  0.00139177  0.59259783  0.76341866  1.
  1.          0.54384269  1.          1.         -0.40714703 -0.52910223
 -0.99677842  0.91591405  0.89643503  0.68017078  0.59587816  0.6733488
 -0.96563385 -0.81596703 -1.          0.11071045 -0.81665997 -1.
 -0.99991625 -0.13829171  0.3344172   1.          0.99472408 -0.05747476
 -0.4119648  -0.99942393  0.15179046  0.95547036 -0.00321693 -0.38617187
  1.          1.          0.12099227  0.9041955   0.57134573 -1.
  0.17548409  0.34621248  0.29052002  0.60828961 -0.99928316  0.87297054
  0.98864369  0.99293683 -0.24771349  0.93120229  0.58460369  0.28535454
 -0.85318911  0.9891338  -0.10806882  0.99679044 -0.99629882 -0.34163751
  0.82034371  0.26529445 -0.61522246 -0.17297758  0.99985209 -0.33961615
 -0.06993815  0.93755974 -1.         -0.67619473  0.51453377 -0.99920948
 -0.85093481 -0.21008548 -0.70276721 -0.30101165 -0.03047357 -1.
 -0.8815553  -0.87360972 -0.85572738 -0.32810406 -0.15546597 -0.63031157
  0.4767764   1.          0.5030622   0.78725251  0.99339078  0.82168379
 -0.96251233 -1.         -0.60563883  0.41525228  0.97907119 -0.31203423
  0.60299144  0.32751912  0.79393647 -0.02788955 -0.75548755  1.        ]
Best fitness: 0.304155

Iteration 24
========================================
Best position: [-0.99986102 -0.62811785 -0.64104601  0.97579544  0.60297104  1.
 -0.99980828 -0.23264793  1.         -0.41501115 -1.          0.83606702
  1.         -0.98688872  0.24046572 -0.9707133  -0.70984447 -1.
 -0.15340892  0.54704339 -1.         -0.33088617  0.11892889 -0.1373554
  0.99861441 -0.82914003 -0.97664811  0.8270308   0.89377013  0.57481428
 -0.02565556  0.96489212  0.05040041  0.58014197  0.88005774  1.
  1.          0.62993801  0.8937945   1.         -0.35960026 -0.49758823
 -0.99193889  0.80427149  0.89854048  0.63127778  0.57659311  0.58214103
 -0.96572423 -0.85297218 -1.          0.16006569 -0.93957626 -1.
 -0.99984577 -0.33155578  0.35176286  1.          0.99457964 -0.19039204
 -0.33264529 -1.          0.15934957  0.95986988  0.10858556 -0.4156454
  1.          1.          0.0291771   0.94815165  0.79486661 -1.
  0.1734736   0.32384459  0.28657742  0.61209445 -0.99929913  0.89997848
  1.          0.99308839 -0.24185161  0.94447684  0.55853017  0.30199578
 -0.92100121  0.99008636 -0.17055238  0.99812747 -0.99743024 -0.02068784
  0.91263761  0.20972106 -0.63098999 -0.20852836  0.99984114  0.15983491
  0.01743615  0.90348696 -1.         -0.69415116  0.52255834 -0.99870821
 -0.84946535 -0.26205919 -0.73548262 -0.03120531  0.00812464 -1.
 -0.86720817 -0.94896312 -0.84371506 -0.24580139 -0.04904527 -0.6732345
  0.4342117   1.          0.49642976  0.78500537  1.          0.82858464
 -0.95646266 -0.92660853 -0.68335316  0.4117481   0.97215772 -0.32752255
  0.63959918  0.41979603  0.74380652 -0.04215372 -0.72917562  1.        ]
Best fitness: 0.304275

Iteration 25
========================================
Best position: [-0.99986102 -0.62811785 -0.64104601  0.97579544  0.60297104  1.
 -0.99980828 -0.23264793  1.         -0.41501115 -1.          0.83606702
  1.         -0.98688872  0.24046572 -0.9707133  -0.70984447 -1.
 -0.15340892  0.54704339 -1.         -0.33088617  0.11892889 -0.1373554
  0.99861441 -0.82914003 -0.97664811  0.8270308   0.89377013  0.57481428
 -0.02565556  0.96489212  0.05040041  0.58014197  0.88005774  1.
  1.          0.62993801  0.8937945   1.         -0.35960026 -0.49758823
 -0.99193889  0.80427149  0.89854048  0.63127778  0.57659311  0.58214103
 -0.96572423 -0.85297218 -1.          0.16006569 -0.93957626 -1.
 -0.99984577 -0.33155578  0.35176286  1.          0.99457964 -0.19039204
 -0.33264529 -1.          0.15934957  0.95986988  0.10858556 -0.4156454
  1.          1.          0.0291771   0.94815165  0.79486661 -1.
  0.1734736   0.32384459  0.28657742  0.61209445 -0.99929913  0.89997848
  1.          0.99308839 -0.24185161  0.94447684  0.55853017  0.30199578
 -0.92100121  0.99008636 -0.17055238  0.99812747 -0.99743024 -0.02068784
  0.91263761  0.20972106 -0.63098999 -0.20852836  0.99984114  0.15983491
  0.01743615  0.90348696 -1.         -0.69415116  0.52255834 -0.99870821
 -0.84946535 -0.26205919 -0.73548262 -0.03120531  0.00812464 -1.
 -0.86720817 -0.94896312 -0.84371506 -0.24580139 -0.04904527 -0.6732345
  0.4342117   1.          0.49642976  0.78500537  1.          0.82858464
 -0.95646266 -0.92660853 -0.68335316  0.4117481   0.97215772 -0.32752255
  0.63959918  0.41979603  0.74380652 -0.04215372 -0.72917562  1.        ]
Best fitness: 0.304275

Iteration 26
========================================
Best position: [-0.99986102 -0.62811785 -0.64104601  0.97579544  0.60297104  1.
 -0.99980828 -0.23264793  1.         -0.41501115 -1.          0.83606702
  1.         -0.98688872  0.24046572 -0.9707133  -0.70984447 -1.
 -0.15340892  0.54704339 -1.         -0.33088617  0.11892889 -0.1373554
  0.99861441 -0.82914003 -0.97664811  0.8270308   0.89377013  0.57481428
 -0.02565556  0.96489212  0.05040041  0.58014197  0.88005774  1.
  1.          0.62993801  0.8937945   1.         -0.35960026 -0.49758823
 -0.99193889  0.80427149  0.89854048  0.63127778  0.57659311  0.58214103
 -0.96572423 -0.85297218 -1.          0.16006569 -0.93957626 -1.
 -0.99984577 -0.33155578  0.35176286  1.          0.99457964 -0.19039204
 -0.33264529 -1.          0.15934957  0.95986988  0.10858556 -0.4156454
  1.          1.          0.0291771   0.94815165  0.79486661 -1.
  0.1734736   0.32384459  0.28657742  0.61209445 -0.99929913  0.89997848
  1.          0.99308839 -0.24185161  0.94447684  0.55853017  0.30199578
 -0.92100121  0.99008636 -0.17055238  0.99812747 -0.99743024 -0.02068784
  0.91263761  0.20972106 -0.63098999 -0.20852836  0.99984114  0.15983491
  0.01743615  0.90348696 -1.         -0.69415116  0.52255834 -0.99870821
 -0.84946535 -0.26205919 -0.73548262 -0.03120531  0.00812464 -1.
 -0.86720817 -0.94896312 -0.84371506 -0.24580139 -0.04904527 -0.6732345
  0.4342117   1.          0.49642976  0.78500537  1.          0.82858464
 -0.95646266 -0.92660853 -0.68335316  0.4117481   0.97215772 -0.32752255
  0.63959918  0.41979603  0.74380652 -0.04215372 -0.72917562  1.        ]
Best fitness: 0.304275

Iteration 27
========================================
Best position: [-0.99986102 -0.62811785 -0.64104601  0.97579544  0.60297104  1.
 -0.99980828 -0.23264793  1.         -0.41501115 -1.          0.83606702
  1.         -0.98688872  0.24046572 -0.9707133  -0.70984447 -1.
 -0.15340892  0.54704339 -1.         -0.33088617  0.11892889 -0.1373554
  0.99861441 -0.82914003 -0.97664811  0.8270308   0.89377013  0.57481428
 -0.02565556  0.96489212  0.05040041  0.58014197  0.88005774  1.
  1.          0.62993801  0.8937945   1.         -0.35960026 -0.49758823
 -0.99193889  0.80427149  0.89854048  0.63127778  0.57659311  0.58214103
 -0.96572423 -0.85297218 -1.          0.16006569 -0.93957626 -1.
 -0.99984577 -0.33155578  0.35176286  1.          0.99457964 -0.19039204
 -0.33264529 -1.          0.15934957  0.95986988  0.10858556 -0.4156454
  1.          1.          0.0291771   0.94815165  0.79486661 -1.
  0.1734736   0.32384459  0.28657742  0.61209445 -0.99929913  0.89997848
  1.          0.99308839 -0.24185161  0.94447684  0.55853017  0.30199578
 -0.92100121  0.99008636 -0.17055238  0.99812747 -0.99743024 -0.02068784
  0.91263761  0.20972106 -0.63098999 -0.20852836  0.99984114  0.15983491
  0.01743615  0.90348696 -1.         -0.69415116  0.52255834 -0.99870821
 -0.84946535 -0.26205919 -0.73548262 -0.03120531  0.00812464 -1.
 -0.86720817 -0.94896312 -0.84371506 -0.24580139 -0.04904527 -0.6732345
  0.4342117   1.          0.49642976  0.78500537  1.          0.82858464
 -0.95646266 -0.92660853 -0.68335316  0.4117481   0.97215772 -0.32752255
  0.63959918  0.41979603  0.74380652 -0.04215372 -0.72917562  1.        ]
Best fitness: 0.304275

Iteration 28
========================================
Best position: [-0.9998629  -0.62574035 -0.6389608   0.97388937  0.61321749  1.
 -0.99979417 -0.22299912  1.         -0.47218084 -1.          0.83992864
  1.         -0.987025    0.22879718 -0.97106268 -0.71016155 -1.
 -0.15862549  0.61851687 -1.         -0.30427229  0.11953841 -0.14930201
  0.99928512 -0.83659647 -0.97725777  0.82817175  0.92152695  0.57319587
 -0.20453818  0.96350257  0.06260543  0.58442128  0.89083983  1.
  1.          0.57068455  0.96065157  1.         -0.34428856 -0.37267212
 -0.99552925  0.89103376  0.89741352  0.61411656  0.58721009  0.55741988
 -0.96662941 -0.85927892 -1.          0.16610766 -0.95470622 -1.
 -0.9998407  -0.37017849  0.46101427  1.          0.9945008  -0.16941277
 -0.29839058 -1.          0.26656036  0.94496174  0.11431358 -0.42964775
  1.          1.          0.0164831   0.93882222  0.80627989 -1.
  0.22156078  0.32493841  0.28731548  0.57351519 -0.99931549  0.91029498
  1.          0.99269436 -0.22451262  0.93924208  0.56187367  0.37233719
 -0.94835107  0.99215631 -0.18082027  0.99918286 -0.99852137 -0.08999401
  0.91632487  0.19418957 -0.61631977 -0.21430841  0.99981514  0.33138653
  0.04861877  0.90133162 -1.         -0.69745096  0.53718611 -0.99862568
 -0.84788117 -0.28499232 -0.76926836 -0.05349597  0.0202837  -1.
 -0.84909111 -0.97275011 -0.79118184 -0.28924069  0.02519288 -0.63318213
  0.46199618  1.          0.45211982  0.78361331  1.          0.82552712
 -0.95465233 -0.89986255 -0.6763769   0.4090241   0.97420837 -0.09520502
  0.62900362  0.38665855  0.75434816 -0.00702628 -0.71664529  1.        ]
Best fitness: 0.304386

Iteration 29
========================================
Best position: [-0.9998629  -0.62574035 -0.6389608   0.97388937  0.61321749  1.
 -0.99979417 -0.22299912  1.         -0.47218084 -1.          0.83992864
  1.         -0.987025    0.22879718 -0.97106268 -0.71016155 -1.
 -0.15862549  0.61851687 -1.         -0.30427229  0.11953841 -0.14930201
  0.99928512 -0.83659647 -0.97725777  0.82817175  0.92152695  0.57319587
 -0.20453818  0.96350257  0.06260543  0.58442128  0.89083983  1.
  1.          0.57068455  0.96065157  1.         -0.34428856 -0.37267212
 -0.99552925  0.89103376  0.89741352  0.61411656  0.58721009  0.55741988
 -0.96662941 -0.85927892 -1.          0.16610766 -0.95470622 -1.
 -0.9998407  -0.37017849  0.46101427  1.          0.9945008  -0.16941277
 -0.29839058 -1.          0.26656036  0.94496174  0.11431358 -0.42964775
  1.          1.          0.0164831   0.93882222  0.80627989 -1.
  0.22156078  0.32493841  0.28731548  0.57351519 -0.99931549  0.91029498
  1.          0.99269436 -0.22451262  0.93924208  0.56187367  0.37233719
 -0.94835107  0.99215631 -0.18082027  0.99918286 -0.99852137 -0.08999401
  0.91632487  0.19418957 -0.61631977 -0.21430841  0.99981514  0.33138653
  0.04861877  0.90133162 -1.         -0.69745096  0.53718611 -0.99862568
 -0.84788117 -0.28499232 -0.76926836 -0.05349597  0.0202837  -1.
 -0.84909111 -0.97275011 -0.79118184 -0.28924069  0.02519288 -0.63318213
  0.46199618  1.          0.45211982  0.78361331  1.          0.82552712
 -0.95465233 -0.89986255 -0.6763769   0.4090241   0.97420837 -0.09520502
  0.62900362  0.38665855  0.75434816 -0.00702628 -0.71664529  1.        ]
Best fitness: 0.304386

Iteration 30
========================================
Best position: [-0.9998629  -0.62574035 -0.6389608   0.97388937  0.61321749  1.
 -0.99979417 -0.22299912  1.         -0.47218084 -1.          0.83992864
  1.         -0.987025    0.22879718 -0.97106268 -0.71016155 -1.
 -0.15862549  0.61851687 -1.         -0.30427229  0.11953841 -0.14930201
  0.99928512 -0.83659647 -0.97725777  0.82817175  0.92152695  0.57319587
 -0.20453818  0.96350257  0.06260543  0.58442128  0.89083983  1.
  1.          0.57068455  0.96065157  1.         -0.34428856 -0.37267212
 -0.99552925  0.89103376  0.89741352  0.61411656  0.58721009  0.55741988
 -0.96662941 -0.85927892 -1.          0.16610766 -0.95470622 -1.
 -0.9998407  -0.37017849  0.46101427  1.          0.9945008  -0.16941277
 -0.29839058 -1.          0.26656036  0.94496174  0.11431358 -0.42964775
  1.          1.          0.0164831   0.93882222  0.80627989 -1.
  0.22156078  0.32493841  0.28731548  0.57351519 -0.99931549  0.91029498
  1.          0.99269436 -0.22451262  0.93924208  0.56187367  0.37233719
 -0.94835107  0.99215631 -0.18082027  0.99918286 -0.99852137 -0.08999401
  0.91632487  0.19418957 -0.61631977 -0.21430841  0.99981514  0.33138653
  0.04861877  0.90133162 -1.         -0.69745096  0.53718611 -0.99862568
 -0.84788117 -0.28499232 -0.76926836 -0.05349597  0.0202837  -1.
 -0.84909111 -0.97275011 -0.79118184 -0.28924069  0.02519288 -0.63318213
  0.46199618  1.          0.45211982  0.78361331  1.          0.82552712
 -0.95465233 -0.89986255 -0.6763769   0.4090241   0.97420837 -0.09520502
  0.62900362  0.38665855  0.75434816 -0.00702628 -0.71664529  1.        ]
Best fitness: 0.304386

Iteration 31
========================================
Best position: [-0.99985184 -0.62870944 -0.63873081  0.97129161  0.57953601  1.
 -0.99969227 -0.21713315  1.         -0.41034601 -1.          0.83579536
  1.         -0.9870605   0.16065744 -0.95974021 -0.70487271 -1.
 -0.16167858  0.68996169 -1.         -0.28840806  0.11797822 -0.1355092
  0.99901184 -0.82282662 -0.98240879  0.82527664  1.          0.57617847
 -0.14559805  0.96103309  0.05843828  0.58641274  0.8210503   1.
  1.          0.57133618  0.98752411  1.         -0.36725883 -0.52700926
 -0.99483727  0.9731417   0.89777893  0.61388751  0.57695481  0.55085265
 -0.96501787 -0.83200518 -1.          0.17560811 -0.96229672 -1.
 -0.99991737 -0.40037831  0.44975462  1.          0.99431312 -0.15339031
 -0.30929937 -1.          0.10205011  0.94013685  0.0903707  -0.41086325
  1.          1.         -0.03791788  0.93244736  0.68496937 -1.
  0.22089094  0.32856883  0.29388009  0.56077075 -0.99927633  0.92567486
  0.98717816  0.99231309 -0.22085821  0.90161299  0.58747423  0.59134446
 -0.93830533  0.9914217  -0.15393712  0.99941536 -1.         -0.13848846
  0.91269855  0.18629973 -0.62430278 -0.20542465  0.99992616  0.2183677
  0.14890814  0.91953203 -1.         -0.72579269  0.51712199 -0.99862736
 -0.84327821 -0.28856482 -0.7182722  -0.15210443  0.02124786 -1.
 -0.86487849 -0.96147867 -0.82816321 -0.27021815  0.00264299 -0.62622807
  0.44687301  1.          0.43461664  0.78440964  1.          0.85083363
 -0.95637801 -0.9099677  -0.68540278  0.40565919  0.97401211 -0.30053438
  0.61747829  0.36209142  0.75236736 -0.00815538 -0.72492864  1.        ]
Best fitness: 0.304453

Iteration 32
========================================
Best position: [-0.99985745 -0.6344697  -0.63835629  0.9733171   0.6122103   1.
 -0.99969985 -0.2258166   1.         -0.46341406 -1.          0.83781603
  1.         -0.98696403  0.19849507 -0.9573701  -0.70914917 -1.
 -0.15917475  0.65963557 -1.         -0.29589213  0.11916114 -0.14815181
  0.99920184 -0.81875381 -0.98049275  0.82910033  0.94376268  0.5584291
 -0.13741965  0.96195816  0.06063231  0.58585993  0.84064983  1.
  1.          0.59368642  0.9666995   1.         -0.36579792 -0.51925289
 -0.99380255  0.88392576  0.89733351  0.59934086  0.58374326  0.55510344
 -0.96612775 -0.84940474 -1.          0.17449188 -0.96654205 -1.
 -0.99991557 -0.37985198  0.45415089  1.          0.99449315 -0.15984618
 -0.31618855 -1.          0.18902212  0.94636861  0.09002911 -0.40635101
  1.          1.         -0.01250043  0.93715464  0.80528268 -1.
  0.21858008  0.32091339  0.28970541  0.56674884 -0.99928689  0.91022756
  0.99364388  0.99264156 -0.22281098  0.92988499  0.58256736  0.42163011
 -0.94592728  0.99159001 -0.17513704  0.99945944 -0.99884854 -0.0821327
  0.91898569  0.19154627 -0.62068476 -0.21003881  0.99993918  0.27524589
  0.13578799  0.91139637 -1.         -0.71170891  0.50398942 -0.99862417
 -0.84532463 -0.28308222 -0.69363489  0.07802239  0.02154285 -1.
 -0.85710402 -0.9690244  -0.81149613 -0.27339792  0.00232502 -0.62560768
  0.42354157  1.          0.45644412  0.7839876   1.          0.859103
 -0.95482679 -0.9052164  -0.70286292  0.40667318  0.97355715 -0.17018454
  0.62675306  0.41381994  0.74790273 -0.00391669 -0.71897197  1.        ]
Best fitness: 0.304710

Iteration 33
========================================
Best position: [-0.99985745 -0.6344697  -0.63835629  0.9733171   0.6122103   1.
 -0.99969985 -0.2258166   1.         -0.46341406 -1.          0.83781603
  1.         -0.98696403  0.19849507 -0.9573701  -0.70914917 -1.
 -0.15917475  0.65963557 -1.         -0.29589213  0.11916114 -0.14815181
  0.99920184 -0.81875381 -0.98049275  0.82910033  0.94376268  0.5584291
 -0.13741965  0.96195816  0.06063231  0.58585993  0.84064983  1.
  1.          0.59368642  0.9666995   1.         -0.36579792 -0.51925289
 -0.99380255  0.88392576  0.89733351  0.59934086  0.58374326  0.55510344
 -0.96612775 -0.84940474 -1.          0.17449188 -0.96654205 -1.
 -0.99991557 -0.37985198  0.45415089  1.          0.99449315 -0.15984618
 -0.31618855 -1.          0.18902212  0.94636861  0.09002911 -0.40635101
  1.          1.         -0.01250043  0.93715464  0.80528268 -1.
  0.21858008  0.32091339  0.28970541  0.56674884 -0.99928689  0.91022756
  0.99364388  0.99264156 -0.22281098  0.92988499  0.58256736  0.42163011
 -0.94592728  0.99159001 -0.17513704  0.99945944 -0.99884854 -0.0821327
  0.91898569  0.19154627 -0.62068476 -0.21003881  0.99993918  0.27524589
  0.13578799  0.91139637 -1.         -0.71170891  0.50398942 -0.99862417
 -0.84532463 -0.28308222 -0.69363489  0.07802239  0.02154285 -1.
 -0.85710402 -0.9690244  -0.81149613 -0.27339792  0.00232502 -0.62560768
  0.42354157  1.          0.45644412  0.7839876   1.          0.859103
 -0.95482679 -0.9052164  -0.70286292  0.40667318  0.97355715 -0.17018454
  0.62675306  0.41381994  0.74790273 -0.00391669 -0.71897197  1.        ]
Best fitness: 0.304710

Iteration 34
========================================
Best position: [-0.99985696 -0.66186554 -0.61432838  0.97560992  0.61389563  1.
 -0.9780155  -0.2311077   1.         -0.4611953  -1.          0.83660616
  1.         -0.98826775  0.27124518 -0.97674847 -0.84709637 -1.
 -0.15051638  0.64472427 -1.         -0.30821887  0.12041077 -0.14714139
  0.99884267 -0.82602366 -0.9804733   0.81657285  0.84130228  0.55584464
  0.13217567  0.95549526  0.05695456  0.59676171  0.82468733  1.
  1.          0.63567548  0.94930526  1.         -0.43600351 -0.45272289
 -0.99031542  0.87749778  0.88747692  0.58023996  0.64602764  0.5627708
 -0.96646873 -0.86598174 -1.          0.15415099 -0.94307924 -1.
 -0.99992867 -0.38103406  0.45739262  1.          0.99456092 -0.20176872
 -0.2715629  -1.          0.05907293  0.9499621   0.03254696 -0.37462626
  1.          1.         -0.03210352  0.92706865  0.83333205 -1.
  0.20208622  0.34056403  0.28702169  0.57653018 -0.99930905  0.9164597
  0.99497567  0.99325085 -0.22618547  0.90202118  0.57075168  0.0659961
 -0.94573065  0.99160978 -0.14449522  0.99857919 -0.99821513 -0.04845737
  0.86903418  0.23075153 -0.62080894 -0.20153656  0.9999505   0.34701668
  0.09343606  0.91232638 -1.         -0.68553649  0.42174942 -0.99872761
 -0.8441481  -0.29966689 -0.76963009  0.04358642 -0.00299759 -0.95817488
 -0.86921617 -0.95742084 -0.81484315 -0.28165747 -0.01486469 -0.66084771
  0.31950452  1.          0.55831509  0.77780017  0.99987503  0.85230228
 -0.95398889 -0.91143836 -0.69737724  0.40922011  0.97237185 -0.60919787
  0.6682654   0.46197827  0.78132914  0.0199456  -0.70448624  1.        ]
Best fitness: 0.304710

Iteration 35
========================================
Best position: [-0.99986473 -0.63296903 -0.64151059  0.97408424  0.61161157  1.
 -0.99968616 -0.22807764  1.         -0.42416206 -1.          0.83529142
  1.         -0.98686878  0.19588801 -0.97614936 -0.71029288 -1.
 -0.15662545  0.65226378 -1.         -0.26698636  0.11925059 -0.15443258
  0.99944296 -0.82114162 -0.98095965  0.82721843  0.94108404  0.55063021
  0.11566223  0.96123165  0.05404528  0.58626329  0.83716524  1.
  0.99999977  0.58718053  0.96664006  1.         -0.36118822 -0.46107142
 -0.99419446  0.93093432  0.89541687  0.54362613  0.58510939  0.562334
 -0.96593085 -0.85147965 -1.          0.17163841 -0.9474275  -1.
 -0.99995745 -0.39452015  0.4395135   1.          0.99460397 -0.14368179
 -0.31906334 -0.99992431  0.1913538   0.9441204   0.10235242 -0.38909205
  1.          1.         -0.05022629  0.94781283  0.8057347  -1.
  0.2140559   0.32015355  0.28921714  0.57704238 -0.99930976  0.90945156
  0.99117725  0.99302354 -0.22246694  0.9345285   0.58587128  0.30457473
 -0.9529878   0.98908195 -0.17593688  0.99920582 -0.9989226  -0.09997142
  0.91786492  0.19485885 -0.62903401 -0.20930074  0.99998245  0.23784671
  0.11434286  0.90616454 -1.         -0.70772935  0.48536494 -0.99863081
 -0.84567396 -0.40222538 -0.66369141  0.09324394  0.02550025 -1.
 -0.85404758 -0.92103593 -0.80340868 -0.26152393  0.03535852 -0.62580324
  0.40528338  1.          0.44064759  0.7842376   1.          0.85572685
 -0.95438288 -0.89825884 -0.70192303  0.42165274  0.97359387 -0.08832081
  0.59643761  0.51735479  0.7359686   0.00159585 -0.71819251  1.        ]
Best fitness: 0.304710

Iteration 36
========================================
Best position: [-0.99985903 -0.63280497 -0.63901315  0.97295724  0.60887591  1.
 -0.99969925 -0.23058486  1.         -0.47770498 -1.          0.83740207
  1.         -0.98697359  0.18597924 -0.96786607 -0.70850335 -1.
 -0.15982681  0.65529895 -1.         -0.28654464  0.11836229 -0.16307085
  0.9991198  -0.82007924 -0.98109242  0.8253674   0.92080803  0.55382827
 -0.14211752  0.96205056  0.06745073  0.58567359  0.82406655  1.
  1.          0.62131312  0.96279168  1.         -0.36825427 -0.52290159
 -0.99523216  0.89775015  0.89722036  0.58591113  0.58769857  0.55403213
 -0.96593883 -0.84183019 -1.          0.17252688 -0.9586261  -1.
 -0.99993459 -0.3853434   0.44038283  1.          0.99444476 -0.16077982
 -0.30072458 -1.          0.1547122   0.94776073  0.08727995 -0.41513538
  1.          1.         -0.05511568  0.9345265   0.78390276 -1.
  0.21952289  0.32000432  0.29335826  0.56832422 -0.99929191  0.92358203
  0.99068615  0.99267147 -0.22167541  0.93903354  0.57933169  0.38661802
 -0.94258913  0.9908514  -0.1744764   0.9994277  -0.99843238 -0.04829256
  0.92794499  0.17840566 -0.61856013 -0.20516397  0.99993599  0.25457164
  0.14842081  0.90773964 -1.         -0.70997083  0.50473207 -0.99864782
 -0.84635023 -0.31625863 -0.69810053  0.131538    0.0204203  -1.
 -0.85595508 -0.97400935 -0.81543512 -0.26954273 -0.00639659 -0.62543222
  0.42790954  1.          0.49808001  0.78404279  1.          0.8585839
 -0.95515178 -0.90749573 -0.72919696  0.40644672  0.97343236 -0.19066682
  0.62631309  0.40297825  0.74996546 -0.01320082 -0.71492487  1.        ]
Best fitness: 0.304710

Iteration 37
========================================
Best position: [-0.99985696 -0.66186554 -0.61432838  0.97560992  0.61389563  1.
 -0.9780155  -0.2311077   1.         -0.4611953  -1.          0.83660616
  1.         -0.98826775  0.27124518 -0.97674847 -0.84709637 -1.
 -0.15051638  0.64472427 -1.         -0.30821887  0.12041077 -0.14714139
  0.99884267 -0.82602366 -0.9804733   0.81657285  0.84130228  0.55584464
  0.13217567  0.95549526  0.05695456  0.59676171  0.82468733  1.
  1.          0.63567548  0.94930526  1.         -0.43600351 -0.45272289
 -0.99031542  0.87749778  0.88747692  0.58023996  0.64602764  0.5627708
 -0.96646873 -0.86598174 -1.          0.15415099 -0.94307924 -1.
 -0.99992867 -0.38103406  0.45739262  1.          0.99456092 -0.20176872
 -0.2715629  -1.          0.05907293  0.9499621   0.03254696 -0.37462626
  1.          1.         -0.03210352  0.92706865  0.83333205 -1.
  0.20208622  0.34056403  0.28702169  0.57653018 -0.99930905  0.9164597
  0.99497567  0.99325085 -0.22618547  0.90202118  0.57075168  0.0659961
 -0.94573065  0.99160978 -0.14449522  0.99857919 -0.99821513 -0.04845737
  0.86903418  0.23075153 -0.62080894 -0.20153656  0.9999505   0.34701668
  0.09343606  0.91232638 -1.         -0.68553649  0.42174942 -0.99872761
 -0.8441481  -0.29966689 -0.76963009  0.04358642 -0.00299759 -0.95817488
 -0.86921617 -0.95742084 -0.81484315 -0.28165747 -0.01486469 -0.66084771
  0.31950452  1.          0.55831509  0.77780017  0.99987503  0.85230228
 -0.95398889 -0.91143836 -0.69737724  0.40922011  0.97237185 -0.60919787
  0.6682654   0.46197827  0.78132914  0.0199456  -0.70448624  1.        ]
Best fitness: 0.304710

Iteration 38
========================================
Best position: [-0.99986473 -0.63296903 -0.64151059  0.97408424  0.61161157  1.
 -0.99968616 -0.22807764  1.         -0.42416206 -1.          0.83529142
  1.         -0.98686878  0.19588801 -0.97614936 -0.71029288 -1.
 -0.15662545  0.65226378 -1.         -0.26698636  0.11925059 -0.15443258
  0.99944296 -0.82114162 -0.98095965  0.82721843  0.94108404  0.55063021
  0.11566223  0.96123165  0.05404528  0.58626329  0.83716524  1.
  0.99999977  0.58718053  0.96664006  1.         -0.36118822 -0.46107142
 -0.99419446  0.93093432  0.89541687  0.54362613  0.58510939  0.562334
 -0.96593085 -0.85147965 -1.          0.17163841 -0.9474275  -1.
 -0.99995745 -0.39452015  0.4395135   1.          0.99460397 -0.14368179
 -0.31906334 -0.99992431  0.1913538   0.9441204   0.10235242 -0.38909205
  1.          1.         -0.05022629  0.94781283  0.8057347  -1.
  0.2140559   0.32015355  0.28921714  0.57704238 -0.99930976  0.90945156
  0.99117725  0.99302354 -0.22246694  0.9345285   0.58587128  0.30457473
 -0.9529878   0.98908195 -0.17593688  0.99920582 -0.9989226  -0.09997142
  0.91786492  0.19485885 -0.62903401 -0.20930074  0.99998245  0.23784671
  0.11434286  0.90616454 -1.         -0.70772935  0.48536494 -0.99863081
 -0.84567396 -0.40222538 -0.66369141  0.09324394  0.02550025 -1.
 -0.85404758 -0.92103593 -0.80340868 -0.26152393  0.03535852 -0.62580324
  0.40528338  1.          0.44064759  0.7842376   1.          0.85572685
 -0.95438288 -0.89825884 -0.70192303  0.42165274  0.97359387 -0.08832081
  0.59643761  0.51735479  0.7359686   0.00159585 -0.71819251  1.        ]
Best fitness: 0.304710

Iteration 39
========================================
Best position: [-0.99985696 -0.66186554 -0.61432838  0.97560992  0.61389563  1.
 -0.9780155  -0.2311077   1.         -0.4611953  -1.          0.83660616
  1.         -0.98826775  0.27124518 -0.97674847 -0.84709637 -1.
 -0.15051638  0.64472427 -1.         -0.30821887  0.12041077 -0.14714139
  0.99884267 -0.82602366 -0.9804733   0.81657285  0.84130228  0.55584464
  0.13217567  0.95549526  0.05695456  0.59676171  0.82468733  1.
  1.          0.63567548  0.94930526  1.         -0.43600351 -0.45272289
 -0.99031542  0.87749778  0.88747692  0.58023996  0.64602764  0.5627708
 -0.96646873 -0.86598174 -1.          0.15415099 -0.94307924 -1.
 -0.99992867 -0.38103406  0.45739262  1.          0.99456092 -0.20176872
 -0.2715629  -1.          0.05907293  0.9499621   0.03254696 -0.37462626
  1.          1.         -0.03210352  0.92706865  0.83333205 -1.
  0.20208622  0.34056403  0.28702169  0.57653018 -0.99930905  0.9164597
  0.99497567  0.99325085 -0.22618547  0.90202118  0.57075168  0.0659961
 -0.94573065  0.99160978 -0.14449522  0.99857919 -0.99821513 -0.04845737
  0.86903418  0.23075153 -0.62080894 -0.20153656  0.9999505   0.34701668
  0.09343606  0.91232638 -1.         -0.68553649  0.42174942 -0.99872761
 -0.8441481  -0.29966689 -0.76963009  0.04358642 -0.00299759 -0.95817488
 -0.86921617 -0.95742084 -0.81484315 -0.28165747 -0.01486469 -0.66084771
  0.31950452  1.          0.55831509  0.77780017  0.99987503  0.85230228
 -0.95398889 -0.91143836 -0.69737724  0.40922011  0.97237185 -0.60919787
  0.6682654   0.46197827  0.78132914  0.0199456  -0.70448624  1.        ]
Best fitness: 0.304710

Iteration 40
========================================
Best position: [-0.99986473 -0.63296903 -0.64151059  0.97408424  0.61161157  1.
 -0.99968616 -0.22807764  1.         -0.42416206 -1.          0.83529142
  1.         -0.98686878  0.19588801 -0.97614936 -0.71029288 -1.
 -0.15662545  0.65226378 -1.         -0.26698636  0.11925059 -0.15443258
  0.99944296 -0.82114162 -0.98095965  0.82721843  0.94108404  0.55063021
  0.11566223  0.96123165  0.05404528  0.58626329  0.83716524  1.
  0.99999977  0.58718053  0.96664006  1.         -0.36118822 -0.46107142
 -0.99419446  0.93093432  0.89541687  0.54362613  0.58510939  0.562334
 -0.96593085 -0.85147965 -1.          0.17163841 -0.9474275  -1.
 -0.99995745 -0.39452015  0.4395135   1.          0.99460397 -0.14368179
 -0.31906334 -0.99992431  0.1913538   0.9441204   0.10235242 -0.38909205
  1.          1.         -0.05022629  0.94781283  0.8057347  -1.
  0.2140559   0.32015355  0.28921714  0.57704238 -0.99930976  0.90945156
  0.99117725  0.99302354 -0.22246694  0.9345285   0.58587128  0.30457473
 -0.9529878   0.98908195 -0.17593688  0.99920582 -0.9989226  -0.09997142
  0.91786492  0.19485885 -0.62903401 -0.20930074  0.99998245  0.23784671
  0.11434286  0.90616454 -1.         -0.70772935  0.48536494 -0.99863081
 -0.84567396 -0.40222538 -0.66369141  0.09324394  0.02550025 -1.
 -0.85404758 -0.92103593 -0.80340868 -0.26152393  0.03535852 -0.62580324
  0.40528338  1.          0.44064759  0.7842376   1.          0.85572685
 -0.95438288 -0.89825884 -0.70192303  0.42165274  0.97359387 -0.08832081
  0.59643761  0.51735479  0.7359686   0.00159585 -0.71819251  1.        ]
Best fitness: 0.304710

Iteration 41
========================================
Best position: [-0.99984919 -0.67283302 -0.59129935  0.97507906  0.6127534   1.
 -0.99562238 -0.26690064  1.         -0.34591137 -1.          0.8265522
  1.         -0.99177929  0.25014166 -0.97563645 -0.83620987 -1.
 -0.15218969  0.64480846 -0.99999519 -0.25637045  0.1188186  -0.09083035
  0.99822858 -0.72727064 -0.98387028  0.81245447  0.82873686  0.55186781
 -0.09778306  0.95551336  0.07149936  0.61119844  0.83985918  1.
  0.99999969  0.62941443  0.93870493  1.         -0.59184303 -0.48221595
 -0.98849048  0.82140648  0.88232609  0.54268543  0.60456436  0.59929627
 -0.96440306 -0.88656705 -1.          0.14744257 -0.92832264 -1.
 -0.99989858 -0.33943591  0.44924194  1.          0.99456603 -0.18146917
 -0.30001547 -1.          0.01849077  0.9513099   0.07020103 -0.36371597
  1.          1.         -0.11615664  0.96022628  0.87382172 -1.
  0.22055257  0.37141796  0.28899066  0.58666785 -0.99946799  0.90612759
  0.98919384  0.99357571 -0.21703983  0.90307119  0.56781556 -0.07111343
 -0.93906464  0.99158832 -0.1572855   0.99848028 -0.9976669   0.11865908
  0.8515139   0.25111252 -0.63178635 -0.1905877   0.99995752  0.37631292
  0.11963223  0.93013429 -1.         -0.60925856  0.42436267 -0.99871793
 -0.84137524 -0.25272538 -0.64846359  0.24619974  0.02917944 -0.95722715
 -0.88103406 -0.90236966 -0.81338487 -0.30241922 -0.04684357 -0.6714155
  0.2921259   1.          0.57312081  0.78257851  0.99995647  0.83705543
 -0.953266   -0.92903553 -0.65532497  0.41908322  0.97481194 -0.97379394
  0.49962239  0.80187056  0.77268926  0.02168738 -0.7022857   1.        ]
Best fitness: 0.305434

Iteration 42
========================================
Best position: [-0.99984919 -0.67283302 -0.59129935  0.97507906  0.6127534   1.
 -0.99562238 -0.26690064  1.         -0.34591137 -1.          0.8265522
  1.         -0.99177929  0.25014166 -0.97563645 -0.83620987 -1.
 -0.15218969  0.64480846 -0.99999519 -0.25637045  0.1188186  -0.09083035
  0.99822858 -0.72727064 -0.98387028  0.81245447  0.82873686  0.55186781
 -0.09778306  0.95551336  0.07149936  0.61119844  0.83985918  1.
  0.99999969  0.62941443  0.93870493  1.         -0.59184303 -0.48221595
 -0.98849048  0.82140648  0.88232609  0.54268543  0.60456436  0.59929627
 -0.96440306 -0.88656705 -1.          0.14744257 -0.92832264 -1.
 -0.99989858 -0.33943591  0.44924194  1.          0.99456603 -0.18146917
 -0.30001547 -1.          0.01849077  0.9513099   0.07020103 -0.36371597
  1.          1.         -0.11615664  0.96022628  0.87382172 -1.
  0.22055257  0.37141796  0.28899066  0.58666785 -0.99946799  0.90612759
  0.98919384  0.99357571 -0.21703983  0.90307119  0.56781556 -0.07111343
 -0.93906464  0.99158832 -0.1572855   0.99848028 -0.9976669   0.11865908
  0.8515139   0.25111252 -0.63178635 -0.1905877   0.99995752  0.37631292
  0.11963223  0.93013429 -1.         -0.60925856  0.42436267 -0.99871793
 -0.84137524 -0.25272538 -0.64846359  0.24619974  0.02917944 -0.95722715
 -0.88103406 -0.90236966 -0.81338487 -0.30241922 -0.04684357 -0.6714155
  0.2921259   1.          0.57312081  0.78257851  0.99995647  0.83705543
 -0.953266   -0.92903553 -0.65532497  0.41908322  0.97481194 -0.97379394
  0.49962239  0.80187056  0.77268926  0.02168738 -0.7022857   1.        ]
Best fitness: 0.305434

Iteration 43
========================================
Best position: [-0.99984919 -0.67283302 -0.59129935  0.97507906  0.6127534   1.
 -0.99562238 -0.26690064  1.         -0.34591137 -1.          0.8265522
  1.         -0.99177929  0.25014166 -0.97563645 -0.83620987 -1.
 -0.15218969  0.64480846 -0.99999519 -0.25637045  0.1188186  -0.09083035
  0.99822858 -0.72727064 -0.98387028  0.81245447  0.82873686  0.55186781
 -0.09778306  0.95551336  0.07149936  0.61119844  0.83985918  1.
  0.99999969  0.62941443  0.93870493  1.         -0.59184303 -0.48221595
 -0.98849048  0.82140648  0.88232609  0.54268543  0.60456436  0.59929627
 -0.96440306 -0.88656705 -1.          0.14744257 -0.92832264 -1.
 -0.99989858 -0.33943591  0.44924194  1.          0.99456603 -0.18146917
 -0.30001547 -1.          0.01849077  0.9513099   0.07020103 -0.36371597
  1.          1.         -0.11615664  0.96022628  0.87382172 -1.
  0.22055257  0.37141796  0.28899066  0.58666785 -0.99946799  0.90612759
  0.98919384  0.99357571 -0.21703983  0.90307119  0.56781556 -0.07111343
 -0.93906464  0.99158832 -0.1572855   0.99848028 -0.9976669   0.11865908
  0.8515139   0.25111252 -0.63178635 -0.1905877   0.99995752  0.37631292
  0.11963223  0.93013429 -1.         -0.60925856  0.42436267 -0.99871793
 -0.84137524 -0.25272538 -0.64846359  0.24619974  0.02917944 -0.95722715
 -0.88103406 -0.90236966 -0.81338487 -0.30241922 -0.04684357 -0.6714155
  0.2921259   1.          0.57312081  0.78257851  0.99995647  0.83705543
 -0.953266   -0.92903553 -0.65532497  0.41908322  0.97481194 -0.97379394
  0.49962239  0.80187056  0.77268926  0.02168738 -0.7022857   1.        ]
Best fitness: 0.305434

Iteration 44
========================================
Best position: [-0.99984919 -0.67283302 -0.59129935  0.97507906  0.6127534   1.
 -0.99562238 -0.26690064  1.         -0.34591137 -1.          0.8265522
  1.         -0.99177929  0.25014166 -0.97563645 -0.83620987 -1.
 -0.15218969  0.64480846 -0.99999519 -0.25637045  0.1188186  -0.09083035
  0.99822858 -0.72727064 -0.98387028  0.81245447  0.82873686  0.55186781
 -0.09778306  0.95551336  0.07149936  0.61119844  0.83985918  1.
  0.99999969  0.62941443  0.93870493  1.         -0.59184303 -0.48221595
 -0.98849048  0.82140648  0.88232609  0.54268543  0.60456436  0.59929627
 -0.96440306 -0.88656705 -1.          0.14744257 -0.92832264 -1.
 -0.99989858 -0.33943591  0.44924194  1.          0.99456603 -0.18146917
 -0.30001547 -1.          0.01849077  0.9513099   0.07020103 -0.36371597
  1.          1.         -0.11615664  0.96022628  0.87382172 -1.
  0.22055257  0.37141796  0.28899066  0.58666785 -0.99946799  0.90612759
  0.98919384  0.99357571 -0.21703983  0.90307119  0.56781556 -0.07111343
 -0.93906464  0.99158832 -0.1572855   0.99848028 -0.9976669   0.11865908
  0.8515139   0.25111252 -0.63178635 -0.1905877   0.99995752  0.37631292
  0.11963223  0.93013429 -1.         -0.60925856  0.42436267 -0.99871793
 -0.84137524 -0.25272538 -0.64846359  0.24619974  0.02917944 -0.95722715
 -0.88103406 -0.90236966 -0.81338487 -0.30241922 -0.04684357 -0.6714155
  0.2921259   1.          0.57312081  0.78257851  0.99995647  0.83705543
 -0.953266   -0.92903553 -0.65532497  0.41908322  0.97481194 -0.97379394
  0.49962239  0.80187056  0.77268926  0.02168738 -0.7022857   1.        ]
Best fitness: 0.305434

Iteration 45
========================================
Best position: [-0.99984919 -0.67283302 -0.59129935  0.97507906  0.6127534   1.
 -0.99562238 -0.26690064  1.         -0.34591137 -1.          0.8265522
  1.         -0.99177929  0.25014166 -0.97563645 -0.83620987 -1.
 -0.15218969  0.64480846 -0.99999519 -0.25637045  0.1188186  -0.09083035
  0.99822858 -0.72727064 -0.98387028  0.81245447  0.82873686  0.55186781
 -0.09778306  0.95551336  0.07149936  0.61119844  0.83985918  1.
  0.99999969  0.62941443  0.93870493  1.         -0.59184303 -0.48221595
 -0.98849048  0.82140648  0.88232609  0.54268543  0.60456436  0.59929627
 -0.96440306 -0.88656705 -1.          0.14744257 -0.92832264 -1.
 -0.99989858 -0.33943591  0.44924194  1.          0.99456603 -0.18146917
 -0.30001547 -1.          0.01849077  0.9513099   0.07020103 -0.36371597
  1.          1.         -0.11615664  0.96022628  0.87382172 -1.
  0.22055257  0.37141796  0.28899066  0.58666785 -0.99946799  0.90612759
  0.98919384  0.99357571 -0.21703983  0.90307119  0.56781556 -0.07111343
 -0.93906464  0.99158832 -0.1572855   0.99848028 -0.9976669   0.11865908
  0.8515139   0.25111252 -0.63178635 -0.1905877   0.99995752  0.37631292
  0.11963223  0.93013429 -1.         -0.60925856  0.42436267 -0.99871793
 -0.84137524 -0.25272538 -0.64846359  0.24619974  0.02917944 -0.95722715
 -0.88103406 -0.90236966 -0.81338487 -0.30241922 -0.04684357 -0.6714155
  0.2921259   1.          0.57312081  0.78257851  0.99995647  0.83705543
 -0.953266   -0.92903553 -0.65532497  0.41908322  0.97481194 -0.97379394
  0.49962239  0.80187056  0.77268926  0.02168738 -0.7022857   1.        ]
Best fitness: 0.305434

Iteration 46
========================================
Best position: [-0.99984919 -0.67283302 -0.59129935  0.97507906  0.6127534   1.
 -0.99562238 -0.26690064  1.         -0.34591137 -1.          0.8265522
  1.         -0.99177929  0.25014166 -0.97563645 -0.83620987 -1.
 -0.15218969  0.64480846 -0.99999519 -0.25637045  0.1188186  -0.09083035
  0.99822858 -0.72727064 -0.98387028  0.81245447  0.82873686  0.55186781
 -0.09778306  0.95551336  0.07149936  0.61119844  0.83985918  1.
  0.99999969  0.62941443  0.93870493  1.         -0.59184303 -0.48221595
 -0.98849048  0.82140648  0.88232609  0.54268543  0.60456436  0.59929627
 -0.96440306 -0.88656705 -1.          0.14744257 -0.92832264 -1.
 -0.99989858 -0.33943591  0.44924194  1.          0.99456603 -0.18146917
 -0.30001547 -1.          0.01849077  0.9513099   0.07020103 -0.36371597
  1.          1.         -0.11615664  0.96022628  0.87382172 -1.
  0.22055257  0.37141796  0.28899066  0.58666785 -0.99946799  0.90612759
  0.98919384  0.99357571 -0.21703983  0.90307119  0.56781556 -0.07111343
 -0.93906464  0.99158832 -0.1572855   0.99848028 -0.9976669   0.11865908
  0.8515139   0.25111252 -0.63178635 -0.1905877   0.99995752  0.37631292
  0.11963223  0.93013429 -1.         -0.60925856  0.42436267 -0.99871793
 -0.84137524 -0.25272538 -0.64846359  0.24619974  0.02917944 -0.95722715
 -0.88103406 -0.90236966 -0.81338487 -0.30241922 -0.04684357 -0.6714155
  0.2921259   1.          0.57312081  0.78257851  0.99995647  0.83705543
 -0.953266   -0.92903553 -0.65532497  0.41908322  0.97481194 -0.97379394
  0.49962239  0.80187056  0.77268926  0.02168738 -0.7022857   1.        ]
Best fitness: 0.305434

Iteration 47
========================================
Best position: [-0.99984919 -0.67283302 -0.59129935  0.97507906  0.6127534   1.
 -0.99562238 -0.26690064  1.         -0.34591137 -1.          0.8265522
  1.         -0.99177929  0.25014166 -0.97563645 -0.83620987 -1.
 -0.15218969  0.64480846 -0.99999519 -0.25637045  0.1188186  -0.09083035
  0.99822858 -0.72727064 -0.98387028  0.81245447  0.82873686  0.55186781
 -0.09778306  0.95551336  0.07149936  0.61119844  0.83985918  1.
  0.99999969  0.62941443  0.93870493  1.         -0.59184303 -0.48221595
 -0.98849048  0.82140648  0.88232609  0.54268543  0.60456436  0.59929627
 -0.96440306 -0.88656705 -1.          0.14744257 -0.92832264 -1.
 -0.99989858 -0.33943591  0.44924194  1.          0.99456603 -0.18146917
 -0.30001547 -1.          0.01849077  0.9513099   0.07020103 -0.36371597
  1.          1.         -0.11615664  0.96022628  0.87382172 -1.
  0.22055257  0.37141796  0.28899066  0.58666785 -0.99946799  0.90612759
  0.98919384  0.99357571 -0.21703983  0.90307119  0.56781556 -0.07111343
 -0.93906464  0.99158832 -0.1572855   0.99848028 -0.9976669   0.11865908
  0.8515139   0.25111252 -0.63178635 -0.1905877   0.99995752  0.37631292
  0.11963223  0.93013429 -1.         -0.60925856  0.42436267 -0.99871793
 -0.84137524 -0.25272538 -0.64846359  0.24619974  0.02917944 -0.95722715
 -0.88103406 -0.90236966 -0.81338487 -0.30241922 -0.04684357 -0.6714155
  0.2921259   1.          0.57312081  0.78257851  0.99995647  0.83705543
 -0.953266   -0.92903553 -0.65532497  0.41908322  0.97481194 -0.97379394
  0.49962239  0.80187056  0.77268926  0.02168738 -0.7022857   1.        ]
Best fitness: 0.305434

Iteration 48
========================================
Best position: [-0.99984919 -0.67283302 -0.59129935  0.97507906  0.6127534   1.
 -0.99562238 -0.26690064  1.         -0.34591137 -1.          0.8265522
  1.         -0.99177929  0.25014166 -0.97563645 -0.83620987 -1.
 -0.15218969  0.64480846 -0.99999519 -0.25637045  0.1188186  -0.09083035
  0.99822858 -0.72727064 -0.98387028  0.81245447  0.82873686  0.55186781
 -0.09778306  0.95551336  0.07149936  0.61119844  0.83985918  1.
  0.99999969  0.62941443  0.93870493  1.         -0.59184303 -0.48221595
 -0.98849048  0.82140648  0.88232609  0.54268543  0.60456436  0.59929627
 -0.96440306 -0.88656705 -1.          0.14744257 -0.92832264 -1.
 -0.99989858 -0.33943591  0.44924194  1.          0.99456603 -0.18146917
 -0.30001547 -1.          0.01849077  0.9513099   0.07020103 -0.36371597
  1.          1.         -0.11615664  0.96022628  0.87382172 -1.
  0.22055257  0.37141796  0.28899066  0.58666785 -0.99946799  0.90612759
  0.98919384  0.99357571 -0.21703983  0.90307119  0.56781556 -0.07111343
 -0.93906464  0.99158832 -0.1572855   0.99848028 -0.9976669   0.11865908
  0.8515139   0.25111252 -0.63178635 -0.1905877   0.99995752  0.37631292
  0.11963223  0.93013429 -1.         -0.60925856  0.42436267 -0.99871793
 -0.84137524 -0.25272538 -0.64846359  0.24619974  0.02917944 -0.95722715
 -0.88103406 -0.90236966 -0.81338487 -0.30241922 -0.04684357 -0.6714155
  0.2921259   1.          0.57312081  0.78257851  0.99995647  0.83705543
 -0.953266   -0.92903553 -0.65532497  0.41908322  0.97481194 -0.97379394
  0.49962239  0.80187056  0.77268926  0.02168738 -0.7022857   1.        ]
Best fitness: 0.305434

Iteration 49
========================================
Best position: [-0.99984351 -0.67641444 -0.6037852   0.97494818  0.6187766   1.
 -0.99462787 -0.26011697  1.         -0.28656727 -1.          0.82551722
  0.99955842 -0.99225925  0.25681892 -0.97988065 -0.85055671 -1.
 -0.15190961  0.63458432 -0.99999541 -0.27634984  0.11879376 -0.12046517
  0.99839402 -0.69395103 -0.97837719  0.8139136   0.79374966  0.55146896
 -0.06207348  0.95407987  0.0149264   0.60860364  0.84596956  1.
  0.99999977  0.63602399  0.94019349  1.         -0.62352193 -0.48490519
 -0.98821019  0.868204    0.88183459  0.5755374   0.62236485  0.58978919
 -0.96654266 -0.88414817 -1.          0.14266297 -0.93085945 -1.
 -0.9999054  -0.39156577  0.45143347  1.          0.99456358 -0.17858169
 -0.28669568 -1.          0.07495671  0.95081402  0.06872848 -0.35217388
  1.          1.         -0.11411671  0.94540218  0.86350322 -1.
  0.22271423  0.38852212  0.2885577   0.59282773 -0.99947885  0.90187283
  0.98930672  0.99333591 -0.22052666  0.90365169  0.5912101  -0.25770753
 -0.93943051  0.98943753 -0.17418889  0.99825279 -0.99773331  0.14231414
  0.91300627  0.24082785 -0.64148271 -0.19353919  0.99995637  0.4227609
  0.10020088  0.9314556  -1.         -0.59217875  0.46428438 -0.99872629
 -0.83802766 -0.2527635  -0.5765916   0.11581321  0.00774895 -0.93707933
 -0.88433319 -0.90013599 -0.81101707 -0.30088424 -0.04959429 -0.6706385
  0.30696877  1.          0.6333049   0.78196324  0.99995974  0.84166757
 -0.95338846 -0.92771263 -0.64429002  0.42093311  0.97541231 -1.
  0.49198278  0.83165441  0.7694543   0.0207825  -0.69776472  1.        ]
Best fitness: 0.305788

Iteration 50
========================================
Best position: [-0.99984351 -0.67641444 -0.6037852   0.97494818  0.6187766   1.
 -0.99462787 -0.26011697  1.         -0.28656727 -1.          0.82551722
  0.99955842 -0.99225925  0.25681892 -0.97988065 -0.85055671 -1.
 -0.15190961  0.63458432 -0.99999541 -0.27634984  0.11879376 -0.12046517
  0.99839402 -0.69395103 -0.97837719  0.8139136   0.79374966  0.55146896
 -0.06207348  0.95407987  0.0149264   0.60860364  0.84596956  1.
  0.99999977  0.63602399  0.94019349  1.         -0.62352193 -0.48490519
 -0.98821019  0.868204    0.88183459  0.5755374   0.62236485  0.58978919
 -0.96654266 -0.88414817 -1.          0.14266297 -0.93085945 -1.
 -0.9999054  -0.39156577  0.45143347  1.          0.99456358 -0.17858169
 -0.28669568 -1.          0.07495671  0.95081402  0.06872848 -0.35217388
  1.          1.         -0.11411671  0.94540218  0.86350322 -1.
  0.22271423  0.38852212  0.2885577   0.59282773 -0.99947885  0.90187283
  0.98930672  0.99333591 -0.22052666  0.90365169  0.5912101  -0.25770753
 -0.93943051  0.98943753 -0.17418889  0.99825279 -0.99773331  0.14231414
  0.91300627  0.24082785 -0.64148271 -0.19353919  0.99995637  0.4227609
  0.10020088  0.9314556  -1.         -0.59217875  0.46428438 -0.99872629
 -0.83802766 -0.2527635  -0.5765916   0.11581321  0.00774895 -0.93707933
 -0.88433319 -0.90013599 -0.81101707 -0.30088424 -0.04959429 -0.6706385
  0.30696877  1.          0.6333049   0.78196324  0.99995974  0.84166757
 -0.95338846 -0.92771263 -0.64429002  0.42093311  0.97541231 -1.
  0.49198278  0.83165441  0.7694543   0.0207825  -0.69776472  1.        ]
Best fitness: 0.305788

Iteration 51
========================================
Best position: [-0.99984418 -0.67260366 -0.61793149  0.9745415   0.61754571  1.
 -0.99429801 -0.26740079  1.         -0.30216318 -1.          0.82547189
  0.99967239 -0.99361043  0.26285934 -0.97185743 -0.87006584 -1.
 -0.15175481  0.6360138  -0.99999619 -0.27659048  0.11939026 -0.09645853
  0.99839831 -0.69734504 -0.97914677  0.81519922  0.79200127  0.55100087
  0.02211335  0.95120109  0.03349838  0.60814632  0.84950692  1.
  0.99999977  0.66744569  0.93974877  1.         -0.69962935 -0.47018714
 -0.98782368  0.86043074  0.87873575  0.55807045  0.62263082  0.59741758
 -0.96678489 -0.88242986 -1.          0.14090261 -0.92595164 -1.
 -0.99990634 -0.40306678  0.45015806  1.          0.99456117 -0.17848418
 -0.29122237 -1.          0.05105628  0.95002622  0.09960725 -0.33487854
  1.          1.         -0.11113294  0.9377734   0.89566667 -1.
  0.2230064   0.37232458  0.28742707  0.59252621 -0.99949492  0.9128165
  0.98240685  0.99372522 -0.22361531  0.90625079  0.59270505 -0.27484017
 -0.93823516  0.98952577 -0.1413632   0.99815891 -0.99786057  0.16642379
  0.89732916  0.24094512 -0.63912525 -0.18861047  0.99995974  0.40756322
  0.0665943   0.93320655 -1.         -0.59324722  0.45109581 -0.99872853
 -0.83701129 -0.26179942 -0.57471156  0.11107417  0.00445981 -0.93700582
 -0.88738145 -0.90230469 -0.81840966 -0.29687476 -0.04989733 -0.67180642
  0.33641833  1.          0.68323352  0.78281656  0.99996318  0.82391007
 -0.95360265 -0.9287266  -0.64345867  0.42113911  0.9749255  -0.97348545
  0.50261398  0.93169569  0.77025636  0.01835301 -0.6991841   1.        ]
Best fitness: 0.305905

Iteration 52
========================================
