Iteration 0
========================================
Best position: [ 0.92196252  0.70887767  0.46237532  0.82740693  0.15072789 -0.2975979
 -0.78848715  0.12350979 -0.98188185 -0.69864381 -0.03095315  0.06501194
  0.93844283  0.37971046  0.20288616 -0.63810221 -0.95948288 -0.19673249
 -0.92442588 -0.82091005 -0.07450688 -0.37358952  0.86104447 -0.2338175 ]
Best fitness: 0.132474

Iteration 1
========================================
Best position: [ 0.92196252  0.70887767  0.46237532  0.82740693  0.15072789 -0.2975979
 -0.78848715  0.12350979 -0.98188185 -0.69864381 -0.03095315  0.06501194
  0.93844283  0.37971046  0.20288616 -0.63810221 -0.95948288 -0.19673249
 -0.92442588 -0.82091005 -0.07450688 -0.37358952  0.86104447 -0.2338175 ]
Best fitness: 0.132474

Iteration 2
========================================
Best position: [ 0.93541434  0.59901223  0.20357054  1.          1.         -0.44589683
 -0.95033925  0.06385952 -1.         -0.6674097  -0.36455502  0.85358746
  0.99427927  1.          0.43316617 -0.7734377  -1.         -0.60956881
 -0.94828574 -0.92687946  0.32563997 -0.8801928   0.92691681 -0.07244099]
Best fitness: 0.115596

Iteration 3
========================================
Best position: [ 0.9969937   0.38333084  0.08618081  1.          1.         -0.85442582
 -1.         -0.67327778 -0.72182581 -0.90344436 -1.          0.97991597
  1.          1.          0.28748885 -1.         -1.          0.65552232
 -1.         -0.67261383 -0.08436989 -1.          0.94781231 -0.25340986]
Best fitness: 0.092914

Iteration 4
========================================
Best position: [ 0.9969937   0.38333084  0.08618081  1.          1.         -0.85442582
 -1.         -0.67327778 -0.72182581 -0.90344436 -1.          0.97991597
  1.          1.          0.28748885 -1.         -1.          0.65552232
 -1.         -0.67261383 -0.08436989 -1.          0.94781231 -0.25340986]
Best fitness: 0.092914

Iteration 5
========================================
Best position: [ 0.99890034  0.03703902  0.49492279  1.          0.92895354 -0.85929294
 -1.         -0.55822937 -0.7747046  -0.3984481  -0.29045201  0.8791746
  0.89841878  0.81463435  0.39233448 -0.88598711 -0.9926569   0.53549654
 -0.99612071 -0.81356086 -0.15663985 -1.          0.95988172 -0.26926174]
Best fitness: 0.088122

Iteration 6
========================================
Best position: [ 0.99890034  0.03703902  0.49492279  1.          0.92895354 -0.85929294
 -1.         -0.55822937 -0.7747046  -0.3984481  -0.29045201  0.8791746
  0.89841878  0.81463435  0.39233448 -0.88598711 -0.9926569   0.53549654
 -0.99612071 -0.81356086 -0.15663985 -1.          0.95988172 -0.26926174]
Best fitness: 0.088122

Iteration 7
========================================
Best position: [ 0.99629991 -0.04132397  0.63822863  1.          0.9631767  -1.
 -1.         -1.         -0.7590181  -0.53568514 -0.2973822   0.94387501
  0.93794133  1.         -0.02693136 -0.94041002 -1.          0.29536692
 -0.91803735 -0.80578387 -0.10526188 -1.          0.98612892 -0.43191353]
Best fitness: 0.074786

Iteration 8
========================================
Best position: [ 0.99500623 -0.06251345  0.63221205  1.          0.90078395 -0.9405259
 -1.         -0.70664396 -0.81726257 -0.76856834 -0.48322546  1.
  0.77869448  1.         -0.26939004 -0.9443264  -1.          0.04509252
 -0.89575811 -0.91923557 -0.13459807 -0.91558934  0.99415065 -0.43803092]
Best fitness: 0.073960

Iteration 9
========================================
Best position: [ 0.99500623 -0.06251345  0.63221205  1.          0.90078395 -0.9405259
 -1.         -0.70664396 -0.81726257 -0.76856834 -0.48322546  1.
  0.77869448  1.         -0.26939004 -0.9443264  -1.          0.04509252
 -0.89575811 -0.91923557 -0.13459807 -0.91558934  0.99415065 -0.43803092]
Best fitness: 0.073960

Iteration 10
========================================
Best position: [ 0.99496196  0.00740906  0.66713421  1.          0.85026455 -1.
 -1.         -0.61271427 -0.87510851 -0.75174911 -0.41277118  1.
  0.80654391  1.         -0.16178153 -0.92452166 -1.          0.11001959
 -0.87520795 -0.89458311 -0.15776073 -0.85063958  0.99841685 -0.59032014]
Best fitness: 0.068952

Iteration 11
========================================
Best position: [ 0.99496196  0.00740906  0.66713421  1.          0.85026455 -1.
 -1.         -0.61271427 -0.87510851 -0.75174911 -0.41277118  1.
  0.80654391  1.         -0.16178153 -0.92452166 -1.          0.11001959
 -0.87520795 -0.89458311 -0.15776073 -0.85063958  0.99841685 -0.59032014]
Best fitness: 0.068952

Iteration 12
========================================
Best position: [ 0.99496196  0.00740906  0.66713421  1.          0.85026455 -1.
 -1.         -0.61271427 -0.87510851 -0.75174911 -0.41277118  1.
  0.80654391  1.         -0.16178153 -0.92452166 -1.          0.11001959
 -0.87520795 -0.89458311 -0.15776073 -0.85063958  0.99841685 -0.59032014]
Best fitness: 0.068952

Iteration 13
========================================
Best position: [ 0.99496196  0.00740906  0.66713421  1.          0.85026455 -1.
 -1.         -0.61271427 -0.87510851 -0.75174911 -0.41277118  1.
  0.80654391  1.         -0.16178153 -0.92452166 -1.          0.11001959
 -0.87520795 -0.89458311 -0.15776073 -0.85063958  0.99841685 -0.59032014]
Best fitness: 0.068952

Iteration 14
========================================
Best position: [ 0.99565176  0.08144934  0.55317829  1.          0.83745649 -0.99863228
 -1.         -0.57925489 -0.89750701 -0.80013232 -0.28926447  1.
  0.88500961  1.         -0.00757084 -0.91015255 -0.99981673  0.23224013
 -0.87117754 -0.89259399 -0.25475988 -0.88208827  0.99536198 -0.76154852]
Best fitness: 0.068018

Iteration 15
========================================
Best position: [ 0.99565176  0.08144934  0.55317829  1.          0.83745649 -0.99863228
 -1.         -0.57925489 -0.89750701 -0.80013232 -0.28926447  1.
  0.88500961  1.         -0.00757084 -0.91015255 -0.99981673  0.23224013
 -0.87117754 -0.89259399 -0.25475988 -0.88208827  0.99536198 -0.76154852]
Best fitness: 0.068018

Iteration 16
========================================
Best position: [ 0.99589872  0.09594454  0.52095305  1.          0.83074903 -0.99860911
 -1.         -0.56595991 -0.91009519 -0.75260945 -0.19833695  1.
  0.96685246  1.         -0.12465749 -0.90669686 -0.99981377  0.21709531
 -0.85710064 -0.8780617  -0.1722128  -0.85974175  0.99544602 -0.80144803]
Best fitness: 0.066986

Iteration 17
========================================
Best position: [ 0.99589872  0.09594454  0.52095305  1.          0.83074903 -0.99860911
 -1.         -0.56595991 -0.91009519 -0.75260945 -0.19833695  1.
  0.96685246  1.         -0.12465749 -0.90669686 -0.99981377  0.21709531
 -0.85710064 -0.8780617  -0.1722128  -0.85974175  0.99544602 -0.80144803]
Best fitness: 0.066986

Iteration 18
========================================
Best position: [ 0.99589872  0.09594454  0.52095305  1.          0.83074903 -0.99860911
 -1.         -0.56595991 -0.91009519 -0.75260945 -0.19833695  1.
  0.96685246  1.         -0.12465749 -0.90669686 -0.99981377  0.21709531
 -0.85710064 -0.8780617  -0.1722128  -0.85974175  0.99544602 -0.80144803]
Best fitness: 0.066986

Iteration 19
========================================
Best position: [ 1.          0.05092292  0.50378795  1.          0.81082383 -0.99007839
 -1.         -0.47491222 -1.         -0.74484075 -0.21629662  0.99988928
  1.          1.         -0.1121336  -0.90395363 -0.9993224   0.18137755
 -0.85235822 -0.94114491 -0.16850354 -0.87744541  0.99315585 -0.7249733 ]
Best fitness: 0.066630

Iteration 20
========================================
Best position: [ 1.         -0.06700319  0.70020566  1.          0.82397641 -0.994144
 -1.         -0.47462805 -0.9614507  -0.75040909 -0.27064339  0.99999599
  1.          1.         -0.16416423 -0.90768033 -0.99893639  0.23592769
 -0.8573851  -0.91281359 -0.20172361 -0.83780156  0.9962068  -0.70669367]
Best fitness: 0.066203

Iteration 21
========================================
Best position: [ 1.         -0.06700319  0.70020566  1.          0.82397641 -0.994144
 -1.         -0.47462805 -0.9614507  -0.75040909 -0.27064339  0.99999599
  1.          1.         -0.16416423 -0.90768033 -0.99893639  0.23592769
 -0.8573851  -0.91281359 -0.20172361 -0.83780156  0.9962068  -0.70669367]
Best fitness: 0.066203

Iteration 22
========================================
Best position: [ 0.9978236  -0.02450851  0.8289164   1.          0.82190348 -0.98807113
 -1.         -0.46256091 -0.91106618 -0.69908125 -0.18273727  0.99999586
  1.          0.99999149  0.07534875 -0.87710964 -0.99815257  0.24122876
 -0.84312282 -0.94272507 -0.18654141 -0.83407743  0.99828737 -0.80470558]
Best fitness: 0.064471

Iteration 23
========================================
Best position: [ 0.9978236  -0.02450851  0.8289164   1.          0.82190348 -0.98807113
 -1.         -0.46256091 -0.91106618 -0.69908125 -0.18273727  0.99999586
  1.          0.99999149  0.07534875 -0.87710964 -0.99815257  0.24122876
 -0.84312282 -0.94272507 -0.18654141 -0.83407743  0.99828737 -0.80470558]
Best fitness: 0.064471

Iteration 24
========================================
Best position: [ 0.9978236  -0.02450851  0.8289164   1.          0.82190348 -0.98807113
 -1.         -0.46256091 -0.91106618 -0.69908125 -0.18273727  0.99999586
  1.          0.99999149  0.07534875 -0.87710964 -0.99815257  0.24122876
 -0.84312282 -0.94272507 -0.18654141 -0.83407743  0.99828737 -0.80470558]
Best fitness: 0.064471

Iteration 25
========================================
Best position: [ 0.9978236  -0.02450851  0.8289164   1.          0.82190348 -0.98807113
 -1.         -0.46256091 -0.91106618 -0.69908125 -0.18273727  0.99999586
  1.          0.99999149  0.07534875 -0.87710964 -0.99815257  0.24122876
 -0.84312282 -0.94272507 -0.18654141 -0.83407743  0.99828737 -0.80470558]
Best fitness: 0.064471

Iteration 26
========================================
Best position: [ 0.99722911 -0.03960134  0.74475406  1.          0.8285397  -0.98793025
 -1.         -0.44501438 -0.91280722 -0.71735378 -0.25062968  0.9999968
  0.99187446  0.99999222 -0.00146264 -0.8897949  -0.99839392  0.24831932
 -0.84785942 -0.96572256 -0.19024418 -0.8412019   0.99803325 -0.78324057]
Best fitness: 0.064134

Iteration 27
========================================
Best position: [ 0.99708166 -0.04472619  0.7435391   1.          0.83190799 -0.98617338
 -1.         -0.42542361 -0.91701064 -0.79677479 -0.2517558   0.99999683
  0.98716287  0.99999132 -0.01730213 -0.89680796 -0.99812467  0.23439286
 -0.88099193 -0.95640113 -0.20551211 -0.78058548  0.99813259 -0.77692388]
Best fitness: 0.063632

Iteration 28
========================================
Best position: [ 0.99686832 -0.083604    0.70694822  1.          0.84150796 -0.99991803
 -1.         -0.421761   -0.93760523 -0.82257901 -0.26531741  0.99999565
  0.99114425  0.99999431  0.00916983 -0.87777838 -0.99865852  0.21903109
 -0.90286862 -0.96775607 -0.20657866 -0.81450619  0.99840142 -0.76923094]
Best fitness: 0.063418

Iteration 29
========================================
Best position: [ 0.9963531  -0.07062667  0.71293629  1.          0.84560794 -1.
 -1.         -0.39792471 -0.93970412 -0.85369596 -0.26647379  0.99999619
  0.98818388  0.99999811 -0.02660116 -0.89011565 -0.99884925  0.21982706
 -0.89062007 -0.94572829 -0.20137379 -0.81140488  0.99842901 -0.77172801]
Best fitness: 0.063080

Iteration 30
========================================
Best position: [ 0.9963531  -0.07062667  0.71293629  1.          0.84560794 -1.
 -1.         -0.39792471 -0.93970412 -0.85369596 -0.26647379  0.99999619
  0.98818388  0.99999811 -0.02660116 -0.89011565 -0.99884925  0.21982706
 -0.89062007 -0.94572829 -0.20137379 -0.81140488  0.99842901 -0.77172801]
Best fitness: 0.063080

Iteration 31
========================================
Best position: [ 0.9963531  -0.07062667  0.71293629  1.          0.84560794 -1.
 -1.         -0.39792471 -0.93970412 -0.85369596 -0.26647379  0.99999619
  0.98818388  0.99999811 -0.02660116 -0.89011565 -0.99884925  0.21982706
 -0.89062007 -0.94572829 -0.20137379 -0.81140488  0.99842901 -0.77172801]
Best fitness: 0.063080

Iteration 32
========================================
Best position: [ 0.99558501 -0.11070691  0.72729481  1.          0.8547447  -1.
 -1.         -0.32880698 -0.92723612 -0.93209475 -0.26703781  0.99999702
  0.98379217  0.99999685  0.00501341 -0.88571066 -0.99873612  0.21070118
 -0.90644055 -0.93872652 -0.19177415 -0.78913381  0.99795889 -0.8347679 ]
Best fitness: 0.062785

Iteration 33
========================================
Best position: [ 0.99558501 -0.11070691  0.72729481  1.          0.8547447  -1.
 -1.         -0.32880698 -0.92723612 -0.93209475 -0.26703781  0.99999702
  0.98379217  0.99999685  0.00501341 -0.88571066 -0.99873612  0.21070118
 -0.90644055 -0.93872652 -0.19177415 -0.78913381  0.99795889 -0.8347679 ]
Best fitness: 0.062785

Iteration 34
========================================
Best position: [ 0.99558501 -0.11070691  0.72729481  1.          0.8547447  -1.
 -1.         -0.32880698 -0.92723612 -0.93209475 -0.26703781  0.99999702
  0.98379217  0.99999685  0.00501341 -0.88571066 -0.99873612  0.21070118
 -0.90644055 -0.93872652 -0.19177415 -0.78913381  0.99795889 -0.8347679 ]
Best fitness: 0.062785

Iteration 35
========================================
Best position: [ 0.99558501 -0.11070691  0.72729481  1.          0.8547447  -1.
 -1.         -0.32880698 -0.92723612 -0.93209475 -0.26703781  0.99999702
  0.98379217  0.99999685  0.00501341 -0.88571066 -0.99873612  0.21070118
 -0.90644055 -0.93872652 -0.19177415 -0.78913381  0.99795889 -0.8347679 ]
Best fitness: 0.062785

Iteration 36
========================================
Best position: [ 0.99558501 -0.11070691  0.72729481  1.          0.8547447  -1.
 -1.         -0.32880698 -0.92723612 -0.93209475 -0.26703781  0.99999702
  0.98379217  0.99999685  0.00501341 -0.88571066 -0.99873612  0.21070118
 -0.90644055 -0.93872652 -0.19177415 -0.78913381  0.99795889 -0.8347679 ]
Best fitness: 0.062785

Iteration 37
========================================
Best position: [ 0.99623241 -0.07669013  0.7366609   1.          0.84538687 -0.99805348
 -1.         -0.3133789  -0.91691733 -0.8859752  -0.2771213   0.99999676
  0.99220124  0.99999624 -0.02798744 -0.88382643 -0.99896456  0.23672414
 -0.88474597 -0.92597135 -0.18608729 -0.82163312  0.9976685  -0.82682549]
Best fitness: 0.062592

Iteration 38
========================================
Best position: [ 0.99623241 -0.07669013  0.7366609   1.          0.84538687 -0.99805348
 -1.         -0.3133789  -0.91691733 -0.8859752  -0.2771213   0.99999676
  0.99220124  0.99999624 -0.02798744 -0.88382643 -0.99896456  0.23672414
 -0.88474597 -0.92597135 -0.18608729 -0.82163312  0.9976685  -0.82682549]
Best fitness: 0.062592

Iteration 39
========================================
Best position: [ 0.99623241 -0.07669013  0.7366609   1.          0.84538687 -0.99805348
 -1.         -0.3133789  -0.91691733 -0.8859752  -0.2771213   0.99999676
  0.99220124  0.99999624 -0.02798744 -0.88382643 -0.99896456  0.23672414
 -0.88474597 -0.92597135 -0.18608729 -0.82163312  0.9976685  -0.82682549]
Best fitness: 0.062592

Iteration 40
========================================
Best position: [ 0.99623241 -0.07669013  0.7366609   1.          0.84538687 -0.99805348
 -1.         -0.3133789  -0.91691733 -0.8859752  -0.2771213   0.99999676
  0.99220124  0.99999624 -0.02798744 -0.88382643 -0.99896456  0.23672414
 -0.88474597 -0.92597135 -0.18608729 -0.82163312  0.9976685  -0.82682549]
Best fitness: 0.062592

Iteration 41
========================================
Best position: [ 0.99634735 -0.05954605  0.72130318  1.          0.85663419 -0.99667955
 -1.         -0.24082703 -0.93054095 -0.90494199 -0.18910718  0.99999697
  0.98938709  0.99999362 -0.04858574 -0.89208728 -0.9989809   0.21263735
 -0.88718192 -0.92771543 -0.18461163 -0.80219422  0.99764698 -0.82738903]
Best fitness: 0.062405

Iteration 42
========================================
Best position: [ 0.99633003 -0.06728533  0.70860503  1.          0.8596905  -0.99799124
 -1.         -0.24662655 -0.93380277 -0.88238273 -0.20492476  0.99999756
  0.99430193  0.99999296 -0.07878342 -0.89397719 -0.99935969  0.20043113
 -0.88581128 -0.92704473 -0.18380924 -0.80498586  0.99723499 -0.79239254]
Best fitness: 0.062330

Iteration 43
========================================
Best position: [ 0.99675602 -0.06419025  0.71510998  1.          0.85507372 -0.99657422
 -1.         -0.23619459 -0.93275439 -0.86811439 -0.2205201   0.99999725
  0.99178356  0.99999126 -0.05885798 -0.89536646 -0.99946113  0.19731781
 -0.88774847 -0.92645831 -0.18684185 -0.8072283   0.99740361 -0.80509941]
Best fitness: 0.062269

Iteration 44
========================================
Best position: [ 0.99640349 -0.06693403  0.70085139  1.          0.85009022 -0.99712663
 -1.         -0.27343631 -0.93434465 -0.87546075 -0.24452214  0.99999694
  0.99274433  0.99999455 -0.05571125 -0.88575982 -0.99940339  0.21678771
 -0.89273564 -0.92830907 -0.19054782 -0.81081998  0.99734105 -0.80563487]
Best fitness: 0.062213

Iteration 45
========================================
Best position: [ 0.99640349 -0.06693403  0.70085139  1.          0.85009022 -0.99712663
 -1.         -0.27343631 -0.93434465 -0.87546075 -0.24452214  0.99999694
  0.99274433  0.99999455 -0.05571125 -0.88575982 -0.99940339  0.21678771
 -0.89273564 -0.92830907 -0.19054782 -0.81081998  0.99734105 -0.80563487]
Best fitness: 0.062213

Iteration 46
========================================
Best position: [ 0.99640349 -0.06693403  0.70085139  1.          0.85009022 -0.99712663
 -1.         -0.27343631 -0.93434465 -0.87546075 -0.24452214  0.99999694
  0.99274433  0.99999455 -0.05571125 -0.88575982 -0.99940339  0.21678771
 -0.89273564 -0.92830907 -0.19054782 -0.81081998  0.99734105 -0.80563487]
Best fitness: 0.062213

Iteration 47
========================================
Best position: [ 0.99645398 -0.06789136  0.72514779  1.          0.84210351 -0.99782618
 -1.         -0.25289277 -0.93580359 -0.88402991 -0.23965179  0.99999692
  0.99145276  0.99999599 -0.05029079 -0.88574655 -0.99930643  0.20902884
 -0.89429755 -0.92594376 -0.19162289 -0.82227833  0.99728046 -0.82555433]
Best fitness: 0.062089

Iteration 48
========================================
Best position: [ 0.99645398 -0.06789136  0.72514779  1.          0.84210351 -0.99782618
 -1.         -0.25289277 -0.93580359 -0.88402991 -0.23965179  0.99999692
  0.99145276  0.99999599 -0.05029079 -0.88574655 -0.99930643  0.20902884
 -0.89429755 -0.92594376 -0.19162289 -0.82227833  0.99728046 -0.82555433]
Best fitness: 0.062089

Iteration 49
========================================
Best position: [ 0.9966022  -0.07960875  0.70661993  1.          0.84544033 -0.99974073
 -1.         -0.24721221 -0.93348528 -0.8991144  -0.24542509  0.99999684
  0.99204341  0.99999599 -0.0588233  -0.88738371 -0.99963677  0.20720237
 -0.894636   -0.92568404 -0.19197809 -0.81578071  0.997332   -0.8106857 ]
Best fitness: 0.062002

Iteration 50
========================================
Best position: [ 0.9966022  -0.07960875  0.70661993  1.          0.84544033 -0.99974073
 -1.         -0.24721221 -0.93348528 -0.8991144  -0.24542509  0.99999684
  0.99204341  0.99999599 -0.0588233  -0.88738371 -0.99963677  0.20720237
 -0.894636   -0.92568404 -0.19197809 -0.81578071  0.997332   -0.8106857 ]
Best fitness: 0.062002

Iteration 51
========================================
Best position: [ 0.9966022  -0.07960875  0.70661993  1.          0.84544033 -0.99974073
 -1.         -0.24721221 -0.93348528 -0.8991144  -0.24542509  0.99999684
  0.99204341  0.99999599 -0.0588233  -0.88738371 -0.99963677  0.20720237
 -0.894636   -0.92568404 -0.19197809 -0.81578071  0.997332   -0.8106857 ]
Best fitness: 0.062002

Iteration 52
========================================
Best position: [ 0.9966022  -0.07960875  0.70661993  1.          0.84544033 -0.99974073
 -1.         -0.24721221 -0.93348528 -0.8991144  -0.24542509  0.99999684
  0.99204341  0.99999599 -0.0588233  -0.88738371 -0.99963677  0.20720237
 -0.894636   -0.92568404 -0.19197809 -0.81578071  0.997332   -0.8106857 ]
Best fitness: 0.062002

Iteration 53
========================================
Best position: [ 0.99664242 -0.07365025  0.7044113   1.          0.84614427 -0.99913864
 -1.         -0.24382606 -0.9339551  -0.89361582 -0.24656371  0.9999969
  0.99266684  0.99999668 -0.05748662 -0.88692205 -0.99933725  0.2106276
 -0.89274815 -0.92594886 -0.19177426 -0.81622234  0.99737398 -0.80567519]
Best fitness: 0.061956

Iteration 54
========================================
Best position: [ 0.99664242 -0.07365025  0.7044113   1.          0.84614427 -0.99913864
 -1.         -0.24382606 -0.9339551  -0.89361582 -0.24656371  0.9999969
  0.99266684  0.99999668 -0.05748662 -0.88692205 -0.99933725  0.2106276
 -0.89274815 -0.92594886 -0.19177426 -0.81622234  0.99737398 -0.80567519]
Best fitness: 0.061956

Iteration 55
========================================
Best position: [ 0.99667678 -0.07739717  0.70025125  1.          0.84651678 -0.99928136
 -1.         -0.24388131 -0.93392833 -0.8980832  -0.24063216  0.99999682
  0.99168799  0.99999649 -0.05757551 -0.88924238 -0.99909252  0.2094964
 -0.89291246 -0.92699038 -0.19175432 -0.8189223   0.99734674 -0.79900734]
Best fitness: 0.061933

Iteration 56
========================================
Best position: [ 0.99667678 -0.07739717  0.70025125  1.          0.84651678 -0.99928136
 -1.         -0.24388131 -0.93392833 -0.8980832  -0.24063216  0.99999682
  0.99168799  0.99999649 -0.05757551 -0.88924238 -0.99909252  0.2094964
 -0.89291246 -0.92699038 -0.19175432 -0.8189223   0.99734674 -0.79900734]
Best fitness: 0.061933

Iteration 57
========================================
Best position: [ 0.99611047 -0.07421915  0.71861279  1.          0.83900856 -0.99902147
 -1.         -0.25390892 -0.93480248 -0.88076197 -0.24220984  0.99999664
  1.          0.99999561 -0.0590356  -0.88874551 -0.99928604  0.21086216
 -0.8966155  -0.9218678  -0.20092888 -0.82377682  0.99739171 -0.79855113]
Best fitness: 0.061820

Iteration 58
========================================
Best position: [ 0.99611047 -0.07421915  0.71861279  1.          0.83900856 -0.99902147
 -1.         -0.25390892 -0.93480248 -0.88076197 -0.24220984  0.99999664
  1.          0.99999561 -0.0590356  -0.88874551 -0.99928604  0.21086216
 -0.8966155  -0.9218678  -0.20092888 -0.82377682  0.99739171 -0.79855113]
Best fitness: 0.061820

Iteration 59
========================================
Best position: [ 0.99611047 -0.07421915  0.71861279  1.          0.83900856 -0.99902147
 -1.         -0.25390892 -0.93480248 -0.88076197 -0.24220984  0.99999664
  1.          0.99999561 -0.0590356  -0.88874551 -0.99928604  0.21086216
 -0.8966155  -0.9218678  -0.20092888 -0.82377682  0.99739171 -0.79855113]
Best fitness: 0.061820

Iteration 60
========================================
Best position: [ 0.99611047 -0.07421915  0.71861279  1.          0.83900856 -0.99902147
 -1.         -0.25390892 -0.93480248 -0.88076197 -0.24220984  0.99999664
  1.          0.99999561 -0.0590356  -0.88874551 -0.99928604  0.21086216
 -0.8966155  -0.9218678  -0.20092888 -0.82377682  0.99739171 -0.79855113]
Best fitness: 0.061820

Iteration 61
========================================
Best position: [ 0.99611047 -0.07421915  0.71861279  1.          0.83900856 -0.99902147
 -1.         -0.25390892 -0.93480248 -0.88076197 -0.24220984  0.99999664
  1.          0.99999561 -0.0590356  -0.88874551 -0.99928604  0.21086216
 -0.8966155  -0.9218678  -0.20092888 -0.82377682  0.99739171 -0.79855113]
Best fitness: 0.061820

Iteration 62
========================================
Best position: [ 0.99611047 -0.07421915  0.71861279  1.          0.83900856 -0.99902147
 -1.         -0.25390892 -0.93480248 -0.88076197 -0.24220984  0.99999664
  1.          0.99999561 -0.0590356  -0.88874551 -0.99928604  0.21086216
 -0.8966155  -0.9218678  -0.20092888 -0.82377682  0.99739171 -0.79855113]
Best fitness: 0.061820

Iteration 63
========================================
Best position: [ 0.996101   -0.07412487  0.7185813   1.          0.83941068 -0.99907277
 -1.         -0.25497817 -0.93446208 -0.88127902 -0.24091858  0.99999662
  0.99996752  0.99999545 -0.06079627 -0.88873925 -0.99929658  0.2104048
 -0.8966803  -0.92178264 -0.19983835 -0.82671251  0.9973875  -0.79626988]
Best fitness: 0.061818

Iteration 64
========================================
Best position: [ 0.99623328 -0.07507648  0.71373813  1.          0.8426649  -0.99987449
 -1.         -0.25613624 -0.93461956 -0.89380609 -0.24208199  0.99999668
  1.          0.99999635 -0.05979495 -0.88809018 -0.99918385  0.21049269
 -0.89236168 -0.92146183 -0.19612881 -0.82546689  0.99742629 -0.7996736 ]
Best fitness: 0.061805

Iteration 65
========================================
Best position: [ 0.99623328 -0.07507648  0.71373813  1.          0.8426649  -0.99987449
 -1.         -0.25613624 -0.93461956 -0.89380609 -0.24208199  0.99999668
  1.          0.99999635 -0.05979495 -0.88809018 -0.99918385  0.21049269
 -0.89236168 -0.92146183 -0.19612881 -0.82546689  0.99742629 -0.7996736 ]
Best fitness: 0.061805

Iteration 66
========================================
Best position: [ 0.9960483  -0.0754786   0.71216107  1.          0.83941149 -0.99910736
 -1.         -0.25135468 -0.93710919 -0.88435085 -0.24395908  0.99999677
  1.          0.9999961  -0.06083642 -0.88730431 -0.99919911  0.21038801
 -0.89446353 -0.92404479 -0.19444194 -0.8229415   0.99729903 -0.80593147]
Best fitness: 0.061802

Iteration 67
========================================
Best position: [ 0.9960483  -0.0754786   0.71216107  1.          0.83941149 -0.99910736
 -1.         -0.25135468 -0.93710919 -0.88435085 -0.24395908  0.99999677
  1.          0.9999961  -0.06083642 -0.88730431 -0.99919911  0.21038801
 -0.89446353 -0.92404479 -0.19444194 -0.8229415   0.99729903 -0.80593147]
Best fitness: 0.061802

Iteration 68
========================================
Best position: [ 0.9960483  -0.0754786   0.71216107  1.          0.83941149 -0.99910736
 -1.         -0.25135468 -0.93710919 -0.88435085 -0.24395908  0.99999677
  1.          0.9999961  -0.06083642 -0.88730431 -0.99919911  0.21038801
 -0.89446353 -0.92404479 -0.19444194 -0.8229415   0.99729903 -0.80593147]
Best fitness: 0.061802

Iteration 69
========================================
Best position: [ 0.99600743 -0.0744874   0.71243598  1.          0.84033791 -0.99946147
 -1.         -0.25240945 -0.93781434 -0.88546313 -0.24362875  0.99999674
  1.          0.9999961  -0.06076613 -0.88743029 -0.99921386  0.21020441
 -0.89425982 -0.92352397 -0.19430076 -0.82289299  0.99726032 -0.80524013]
Best fitness: 0.061790

Iteration 70
========================================
Best position: [ 0.99600743 -0.0744874   0.71243598  1.          0.84033791 -0.99946147
 -1.         -0.25240945 -0.93781434 -0.88546313 -0.24362875  0.99999674
  1.          0.9999961  -0.06076613 -0.88743029 -0.99921386  0.21020441
 -0.89425982 -0.92352397 -0.19430076 -0.82289299  0.99726032 -0.80524013]
Best fitness: 0.061790

Iteration 71
========================================
Best position: [ 0.99600743 -0.0744874   0.71243598  1.          0.84033791 -0.99946147
 -1.         -0.25240945 -0.93781434 -0.88546313 -0.24362875  0.99999674
  1.          0.9999961  -0.06076613 -0.88743029 -0.99921386  0.21020441
 -0.89425982 -0.92352397 -0.19430076 -0.82289299  0.99726032 -0.80524013]
Best fitness: 0.061790

Iteration 72
========================================
Best position: [ 0.99602077 -0.07403626  0.71573587  1.          0.84221802 -0.99952656
 -1.         -0.25083579 -0.93706571 -0.8864465  -0.24169105  0.99999674
  0.99913211  0.99999636 -0.05874474 -0.88821881 -0.99917775  0.21096076
 -0.89660659 -0.92032099 -0.19395506 -0.82523529  0.9974049  -0.8031553 ]
Best fitness: 0.061751

Iteration 73
========================================
Best position: [ 0.99602077 -0.07403626  0.71573587  1.          0.84221802 -0.99952656
 -1.         -0.25083579 -0.93706571 -0.8864465  -0.24169105  0.99999674
  0.99913211  0.99999636 -0.05874474 -0.88821881 -0.99917775  0.21096076
 -0.89660659 -0.92032099 -0.19395506 -0.82523529  0.9974049  -0.8031553 ]
Best fitness: 0.061751

Iteration 74
========================================
Best position: [ 0.99602077 -0.07403626  0.71573587  1.          0.84221802 -0.99952656
 -1.         -0.25083579 -0.93706571 -0.8864465  -0.24169105  0.99999674
  0.99913211  0.99999636 -0.05874474 -0.88821881 -0.99917775  0.21096076
 -0.89660659 -0.92032099 -0.19395506 -0.82523529  0.9974049  -0.8031553 ]
Best fitness: 0.061751

Iteration 75
========================================
Best position: [ 0.99602077 -0.07403626  0.71573587  1.          0.84221802 -0.99952656
 -1.         -0.25083579 -0.93706571 -0.8864465  -0.24169105  0.99999674
  0.99913211  0.99999636 -0.05874474 -0.88821881 -0.99917775  0.21096076
 -0.89660659 -0.92032099 -0.19395506 -0.82523529  0.9974049  -0.8031553 ]
Best fitness: 0.061751

Iteration 76
========================================
Best position: [ 0.99601703 -0.07604467  0.71891842  1.          0.84569518 -0.99968677
 -1.         -0.2483886  -0.93639909 -0.88814639 -0.24214006  0.99999678
  0.99828834  0.99999641 -0.05257124 -0.88710586 -0.99914931  0.21199405
 -0.89669897 -0.91637257 -0.19725425 -0.8292962   0.99726645 -0.80222296]
Best fitness: 0.061736

Iteration 77
========================================
Best position: [ 0.99601703 -0.07604467  0.71891842  1.          0.84569518 -0.99968677
 -1.         -0.2483886  -0.93639909 -0.88814639 -0.24214006  0.99999678
  0.99828834  0.99999641 -0.05257124 -0.88710586 -0.99914931  0.21199405
 -0.89669897 -0.91637257 -0.19725425 -0.8292962   0.99726645 -0.80222296]
Best fitness: 0.061736

Iteration 78
========================================
Best position: [ 0.99600543 -0.0748867   0.71807855  1.          0.84508577 -0.99961996
 -1.         -0.24956694 -0.93759459 -0.89198354 -0.24218488  0.99999675
  0.99929104  0.99999614 -0.05428876 -0.88806798 -0.99918674  0.21199389
 -0.89565814 -0.91480363 -0.19725637 -0.82645622  0.99693141 -0.80375285]
Best fitness: 0.061732

Iteration 79
========================================
Best position: [ 0.99605103 -0.07638601  0.71639684  1.          0.84591985 -0.99934086
 -1.         -0.24961091 -0.93652978 -0.89249796 -0.24406002  0.99999678
  0.99995117  0.99999605 -0.0579633  -0.88809177 -0.99922035  0.21077397
 -0.89521303 -0.91638998 -0.19441021 -0.82693629  0.99694786 -0.80473534]
Best fitness: 0.061729

Iteration 80
========================================
Best position: [ 0.99605103 -0.07638601  0.71639684  1.          0.84591985 -0.99934086
 -1.         -0.24961091 -0.93652978 -0.89249796 -0.24406002  0.99999678
  0.99995117  0.99999605 -0.0579633  -0.88809177 -0.99922035  0.21077397
 -0.89521303 -0.91638998 -0.19441021 -0.82693629  0.99694786 -0.80473534]
Best fitness: 0.061729

Iteration 81
========================================
Best position: [ 0.99605103 -0.07638601  0.71639684  1.          0.84591985 -0.99934086
 -1.         -0.24961091 -0.93652978 -0.89249796 -0.24406002  0.99999678
  0.99995117  0.99999605 -0.0579633  -0.88809177 -0.99922035  0.21077397
 -0.89521303 -0.91638998 -0.19441021 -0.82693629  0.99694786 -0.80473534]
Best fitness: 0.061729

Iteration 82
========================================
Best position: [ 0.99607228 -0.07741953  0.71586849  1.          0.84666366 -0.99931406
 -1.         -0.24932989 -0.93615934 -0.89383057 -0.24149627  0.99999676
  0.99955371  0.99999614 -0.05770749 -0.88802301 -0.99923694  0.21094715
 -0.89539432 -0.91570896 -0.19509739 -0.82665957  0.99744304 -0.80566487]
Best fitness: 0.061728

Iteration 83
========================================
Best position: [ 0.99603385 -0.07680073  0.71828695  1.          0.84568904 -0.99970581
 -1.         -0.24964556 -0.93584782 -0.89676052 -0.23683855  0.99999679
  0.99920886  0.99999586 -0.05768718 -0.8869803  -0.99932293  0.21153
 -0.89655498 -0.91454585 -0.1959706  -0.82776577  0.99691273 -0.80387694]
Best fitness: 0.061723

Iteration 84
========================================
