Iteration 0
========================================
Best position: [-0.02113952  0.096914   -0.95933554 -0.4481632   0.39784008 -0.06045402
  0.53863191  0.3021215  -0.75076835  1.         -0.22627567  0.06678986
  0.79366658  0.64490981  0.26146134  0.28938625  0.69017888  0.37877351
 -0.29069244 -0.73271569 -0.43458495 -0.39582959  0.09516082  0.59447467
  1.          0.574295   -0.43109441 -0.47852715 -0.30028516  0.62849221
 -0.05183125  0.40200289 -1.          0.22791509  0.39270956  0.36845779
 -0.00641464  0.00743151  0.38200793  0.07064203  0.25295586 -0.35869583
  0.92175572  0.81354291 -0.07427287  0.47509849  0.75595181 -0.53788566
 -0.01056148 -0.3807531  -0.27098602  0.81827977  0.31029605  1.
  0.01618066  0.64413618  0.02688616 -0.42841157 -1.          0.34603603
 -0.09792697 -0.29982086  0.23073653  0.50390808  0.45359736 -0.02233315
 -0.54200814  0.87897814  0.69101516 -0.19632279  0.14624628  0.29756091
  0.2887593  -0.04892737  0.66671635  0.45697908 -0.46353338  0.14109961
 -0.34153702  0.06176744  0.21677335 -0.20020787 -0.09090708  0.08247491
 -0.3800963   0.27538488 -0.32080814 -0.14693321  0.08724988 -0.75683508
 -0.14613989  0.1612745   0.14300572 -0.26017175  0.36745408 -0.46055943
 -0.31575925  0.09935854 -0.70154662 -0.13349705 -0.24668875  0.27964012
  0.40845704  0.22195936 -0.39125943 -0.02695245 -1.          0.3252709
  0.55429998  0.59580288  0.5091212  -0.0399001  -0.61134365  0.35442364
  0.20055411  0.47948976  0.20938449]
Best fitness: 0.202310

Iteration 1
========================================
Best position: [-0.02113952  0.096914   -0.95933554 -0.4481632   0.39784008 -0.06045402
  0.53863191  0.3021215  -0.75076835  1.         -0.22627567  0.06678986
  0.79366658  0.64490981  0.26146134  0.28938625  0.69017888  0.37877351
 -0.29069244 -0.73271569 -0.43458495 -0.39582959  0.09516082  0.59447467
  1.          0.574295   -0.43109441 -0.47852715 -0.30028516  0.62849221
 -0.05183125  0.40200289 -1.          0.22791509  0.39270956  0.36845779
 -0.00641464  0.00743151  0.38200793  0.07064203  0.25295586 -0.35869583
  0.92175572  0.81354291 -0.07427287  0.47509849  0.75595181 -0.53788566
 -0.01056148 -0.3807531  -0.27098602  0.81827977  0.31029605  1.
  0.01618066  0.64413618  0.02688616 -0.42841157 -1.          0.34603603
 -0.09792697 -0.29982086  0.23073653  0.50390808  0.45359736 -0.02233315
 -0.54200814  0.87897814  0.69101516 -0.19632279  0.14624628  0.29756091
  0.2887593  -0.04892737  0.66671635  0.45697908 -0.46353338  0.14109961
 -0.34153702  0.06176744  0.21677335 -0.20020787 -0.09090708  0.08247491
 -0.3800963   0.27538488 -0.32080814 -0.14693321  0.08724988 -0.75683508
 -0.14613989  0.1612745   0.14300572 -0.26017175  0.36745408 -0.46055943
 -0.31575925  0.09935854 -0.70154662 -0.13349705 -0.24668875  0.27964012
  0.40845704  0.22195936 -0.39125943 -0.02695245 -1.          0.3252709
  0.55429998  0.59580288  0.5091212  -0.0399001  -0.61134365  0.35442364
  0.20055411  0.47948976  0.20938449]
Best fitness: 0.202310

Iteration 2
========================================
Best position: [-0.02113952  0.096914   -0.95933554 -0.4481632   0.39784008 -0.06045402
  0.53863191  0.3021215  -0.75076835  1.         -0.22627567  0.06678986
  0.79366658  0.64490981  0.26146134  0.28938625  0.69017888  0.37877351
 -0.29069244 -0.73271569 -0.43458495 -0.39582959  0.09516082  0.59447467
  1.          0.574295   -0.43109441 -0.47852715 -0.30028516  0.62849221
 -0.05183125  0.40200289 -1.          0.22791509  0.39270956  0.36845779
 -0.00641464  0.00743151  0.38200793  0.07064203  0.25295586 -0.35869583
  0.92175572  0.81354291 -0.07427287  0.47509849  0.75595181 -0.53788566
 -0.01056148 -0.3807531  -0.27098602  0.81827977  0.31029605  1.
  0.01618066  0.64413618  0.02688616 -0.42841157 -1.          0.34603603
 -0.09792697 -0.29982086  0.23073653  0.50390808  0.45359736 -0.02233315
 -0.54200814  0.87897814  0.69101516 -0.19632279  0.14624628  0.29756091
  0.2887593  -0.04892737  0.66671635  0.45697908 -0.46353338  0.14109961
 -0.34153702  0.06176744  0.21677335 -0.20020787 -0.09090708  0.08247491
 -0.3800963   0.27538488 -0.32080814 -0.14693321  0.08724988 -0.75683508
 -0.14613989  0.1612745   0.14300572 -0.26017175  0.36745408 -0.46055943
 -0.31575925  0.09935854 -0.70154662 -0.13349705 -0.24668875  0.27964012
  0.40845704  0.22195936 -0.39125943 -0.02695245 -1.          0.3252709
  0.55429998  0.59580288  0.5091212  -0.0399001  -0.61134365  0.35442364
  0.20055411  0.47948976  0.20938449]
Best fitness: 0.202310

Iteration 3
========================================
Best position: [-0.04179786 -0.12670814 -0.98563706 -0.28577681  0.44135114  0.45573667
  0.48525427  0.54568943 -0.13073164  1.         -0.00743397 -0.08646225
  0.56158478  0.49136026  0.31389757  0.13286924  0.94688094  0.2764579
 -0.1118923  -0.2411217  -0.33375939 -0.55868313  0.3167873   0.99156808
  0.64513135  0.38282824 -0.51020558 -0.26963327 -0.29859903  0.39951504
 -0.39045638  0.8336528  -0.67334055 -0.0047911   0.2579908   0.33955128
 -0.0733078  -0.12615176  0.43486501  0.11939259  0.648282   -0.07175162
  0.77132913  0.99999636 -0.25035772  0.5618899   0.88622393 -0.10607302
 -0.37239268 -1.          0.59690968  0.68422768  0.3424902   1.
  0.0811497   0.72896737  0.02996081 -0.50388932 -0.43874171  0.12484482
 -0.14641717 -0.27726564  0.00978028  0.52717996  0.43013846 -0.13900767
 -0.55645125  0.76669309  0.664714   -0.79392849  0.12655362 -0.03949487
  0.1402036   0.3328998   0.6593716   0.08563092 -0.13707472  0.10268206
 -0.17475381  0.60517561  0.44390808 -0.23154027 -0.16096582 -0.3157279
 -0.53709107  0.3559245  -0.43783061  0.25824295 -0.22859001 -0.51605225
 -0.47190997  0.14912834  0.09697431 -0.15311645  0.3338481  -0.38780715
 -0.0266489   0.25602778 -0.40351198  0.21953236 -0.16469897  0.02863657
  0.42743497  0.34385787 -0.53407699  0.42727378 -0.96427362  0.69787276
  0.94132769  0.59135219  0.59681858 -0.01383973 -0.07571701  0.42087059
  0.21609174  0.24183645 -0.51369985]
Best fitness: 0.269068

Iteration 4
========================================
Best position: [-0.06876153 -0.12624337 -0.98388927 -0.25800388  0.44012534  0.45903903
  0.49091306  0.54525469 -0.21683394  1.         -0.0093988  -0.11649611
  0.56849477  0.46158314  0.32050605  0.14695656  0.91743987  0.26332287
 -0.11426424 -0.22772818 -0.35473113 -0.55938807  0.30746095  0.96204281
  0.67011984  0.42543812 -0.48644613 -0.31032247 -0.27640563  0.41673695
 -0.30090012  0.76958564 -0.67257721 -0.0114208   0.34703352  0.37347061
 -0.05994863 -0.11263748  0.43550356  0.11894605  0.6167392  -0.05621005
  0.76364163  0.99999618 -0.2465825   0.55038278  0.84623632 -0.10246975
 -0.35154674 -1.          0.59336317  0.68380119  0.3345145   1.
  0.12642534  0.68435183  0.02975019 -0.5174624  -0.43841911  0.13000081
 -0.13232872 -0.27699453  0.05687021  0.53222925  0.40831367 -0.10693526
 -0.56339318  0.79236258  0.6483565  -0.87392915  0.1196004  -0.03233167
  0.18550269  0.32295502  0.66684258  0.08246928 -0.06188965  0.10145974
 -0.19026631  0.58645271  0.45791828 -0.23466463 -0.1560452  -0.37041393
 -0.53617508  0.35568952 -0.4403277   0.11881546 -0.17585559 -0.5528023
 -0.49034705  0.1455642   0.09623136 -0.14285449  0.33636331 -0.38098179
 -0.02388218  0.25267624 -0.4064333   0.22423105 -0.17142645  0.05780249
  0.42044287  0.34225408 -0.534095    0.48457682 -0.96124159  0.70070903
  0.97616157  0.59254401  0.64075954 -0.01297431 -0.02127255  0.41755773
  0.22197168  0.29106824 -0.48167241]
Best fitness: 0.274721

Iteration 5
========================================
Best position: [-0.0373211  -0.10453179 -0.98923062 -0.3655603   0.43864293  0.58534504
  0.52148915  0.44497997 -0.15137185  0.98346382 -0.02662375 -0.08296896
  0.61986333  0.55660531  0.26950523  0.20927656  0.97736264  0.3003735
 -0.10197496 -0.25501142 -0.3708396  -0.52841106  0.33450482  0.91912771
  0.7664355   0.4286995  -0.4364872  -0.18375971 -0.33878666  0.42961376
 -0.19039408  0.90239971 -0.60035008  0.09504692  0.14587501  0.24547884
  0.1051241  -0.09125802  0.49530945  0.09949904  0.6550743  -0.05893964
  0.85354253  1.         -0.22263909  0.60087018  0.77728912 -0.16427941
 -0.24040381 -0.87672428  0.53027502  0.74217064  0.33344843  1.
  0.2471978   0.64819037  0.11477435 -0.43145536 -0.57633101  0.20406286
 -0.14644151 -0.28395387  0.08594548  0.56355055  0.43597728 -0.06670267
 -0.49662914  0.7503958   0.6466974  -1.          0.0860441  -0.10247028
  0.26380577  0.30851961  0.63252888  0.08720777 -0.00848614  0.15862689
 -0.19276742  0.26829602  0.48332294 -0.2564256  -0.7552108  -0.08028447
 -0.49922241  0.43709558 -0.52753827  0.21384177 -0.16959245 -0.56294351
 -0.46626067  0.06639297  0.1221996  -0.13708916  0.34705902 -0.42284397
 -0.133379    0.10928942 -0.3210163  -0.0023957  -0.22926209  0.05837674
  0.47133572  0.38290377 -0.52098513  0.38789503 -0.95187815  0.75550484
  1.          0.53715989  0.6477904   0.00875804 -0.25956339  0.45286879
  0.25352089  0.30344607 -0.25689908]
Best fitness: 0.282535

Iteration 6
========================================
Best position: [-0.0373211  -0.10453179 -0.98923062 -0.3655603   0.43864293  0.58534504
  0.52148915  0.44497997 -0.15137185  0.98346382 -0.02662375 -0.08296896
  0.61986333  0.55660531  0.26950523  0.20927656  0.97736264  0.3003735
 -0.10197496 -0.25501142 -0.3708396  -0.52841106  0.33450482  0.91912771
  0.7664355   0.4286995  -0.4364872  -0.18375971 -0.33878666  0.42961376
 -0.19039408  0.90239971 -0.60035008  0.09504692  0.14587501  0.24547884
  0.1051241  -0.09125802  0.49530945  0.09949904  0.6550743  -0.05893964
  0.85354253  1.         -0.22263909  0.60087018  0.77728912 -0.16427941
 -0.24040381 -0.87672428  0.53027502  0.74217064  0.33344843  1.
  0.2471978   0.64819037  0.11477435 -0.43145536 -0.57633101  0.20406286
 -0.14644151 -0.28395387  0.08594548  0.56355055  0.43597728 -0.06670267
 -0.49662914  0.7503958   0.6466974  -1.          0.0860441  -0.10247028
  0.26380577  0.30851961  0.63252888  0.08720777 -0.00848614  0.15862689
 -0.19276742  0.26829602  0.48332294 -0.2564256  -0.7552108  -0.08028447
 -0.49922241  0.43709558 -0.52753827  0.21384177 -0.16959245 -0.56294351
 -0.46626067  0.06639297  0.1221996  -0.13708916  0.34705902 -0.42284397
 -0.133379    0.10928942 -0.3210163  -0.0023957  -0.22926209  0.05837674
  0.47133572  0.38290377 -0.52098513  0.38789503 -0.95187815  0.75550484
  1.          0.53715989  0.6477904   0.00875804 -0.25956339  0.45286879
  0.25352089  0.30344607 -0.25689908]
Best fitness: 0.282535

Iteration 7
========================================
Best position: [-0.02463526  0.09185003 -0.99873437 -0.38513961  0.47628628  0.51298588
  0.53724795  0.59137327  0.04032351  0.99818077 -0.24938378 -0.14594552
  0.70855611  0.57177779 -0.04265503 -0.09614687  0.95196669  0.2323095
 -0.29948487 -0.34920946 -0.43742348 -0.52285246  0.33192331  0.59051875
  0.76585439  0.43286198 -0.35213561 -0.35215367 -0.34439816 -0.08340087
 -0.17836471  0.72757951 -0.5657484   0.09982802  0.05455613  1.29746719
  0.29914847  0.24439937  0.45285042  0.16637861  0.54285105  0.05298196
  0.89778485  0.99999985 -0.33524564  0.47130868  0.33487157  0.0675092
 -0.19171556 -0.70418491  0.61431604  0.71834295  0.45932977  0.99886726
  0.19715402  0.84288917  0.40099973 -0.3988713  -0.61205284  0.20076265
 -0.14459129 -0.3198738   0.10106615  0.54596503  0.45880277 -0.04314643
 -0.43175874  0.67790918  0.77256868 -0.89669739  0.3075669  -0.17287185
  0.26639052  0.21048085  0.63829441  0.1588058   0.00487358  0.1185089
 -0.17696471  0.43061626  0.3703169  -0.31948031 -0.74136919 -0.07855219
 -0.53364222  0.4094918  -0.34358625  0.38220879 -0.26274583 -0.67860549
 -0.47163932 -0.09019917  0.04832024 -0.12056274  0.29318626 -0.45813457
 -0.11353538  0.16360212 -0.29144756 -0.01650054 -0.2254382  -0.09486788
  0.49280839  0.49622748 -0.66235588  0.61711923 -0.95612453  0.87231848
  0.68674905  0.54888257  0.65399553  0.10276977 -0.28239636  0.43367549
  0.24801515  0.05591453 -0.32559612]
Best fitness: 0.283707

Iteration 8
========================================
Best position: [ 0.03401232  0.30058344 -0.98061209 -0.34306899  0.4754071   0.38841889
  0.93269109  0.51832672 -0.06691208  1.         -0.08291686 -0.08770529
  0.65558423  0.5733076  -0.11098701 -0.00553448  0.93911805  0.25277718
  0.05201546 -0.6160771  -0.42232693 -0.45045702  0.35529513  0.70405605
  0.80137691  0.50089233 -0.4652074  -0.21305032 -0.36883915 -0.02910675
 -0.18070788  0.80006538 -0.57620919  0.21333068  0.34944193  0.56683559
  0.17365378  0.14453378  0.47072022  0.03254932  0.5314671  -0.03117859
  0.71936079  0.99988888 -0.40949495  0.48942567  0.28951237  0.04327068
 -0.35438148 -0.86372995  0.57462425  0.86317256  0.53650751  0.95226271
  0.2720001   0.62957891  0.22819725 -0.52000623 -0.59638595  0.32913636
 -0.04149602 -0.3722547  -0.06962052  0.5620787   0.50471903 -0.10101843
 -0.53877018  0.69346777  0.9348738  -1.          0.01086423 -0.10342308
  0.28509614 -0.09632511  0.69394128  0.19447713 -0.12033715  0.18928555
 -0.04970471  0.22314619  0.32487313 -0.27293098 -0.38916128 -0.01493133
 -0.49348932  0.38272096 -0.3253294   0.29200538 -0.22118237 -0.67519024
 -0.46953924 -0.10836041  0.18260013 -0.12285714  0.25888993 -0.38142957
  0.00527081  0.24233982 -0.35677965 -0.03825532 -0.25792143  0.04700378
  0.48934803  0.40059893 -0.73113151  0.58973931 -0.9755059   0.79496896
  0.64803593  0.58926282  0.46026498  0.1672966  -0.36264328  0.714704
  0.19407795  0.25015809 -0.18475317]
Best fitness: 0.285550

Iteration 9
========================================
Best position: [ 0.07957721  0.3261016  -0.95229619 -0.27501116  0.26662713  0.26474193
  0.0511072   0.5049228  -0.14206973  1.         -0.10864863  0.08110515
  0.76902619  0.37933014  0.24968186  0.04773886  0.93690969  0.07353689
 -0.20089825 -0.43028381 -0.50066811 -0.21221066  0.34644161  0.83327127
  0.83060311  0.55850889 -0.74104729 -0.27391918 -0.87391032 -0.46721959
 -0.11535498 -0.08610419 -0.96288684 -0.15346248  0.3877876   1.
 -0.21480164  0.08754948  0.52482898  0.14417993  0.61712746 -0.02492858
  0.83429206  1.         -0.07954677  0.44310181  0.73514184  0.06792627
 -0.22400509 -0.81625849  0.72616263  0.85301551  0.56698417  0.74308608
  0.25070697  0.50802076  0.04076828 -0.8922694  -0.80253481  0.32633002
 -0.03326107 -1.          0.26778505  0.37090756  0.50734528  0.06881936
 -1.          1.          0.52616396 -0.13774172 -0.06252898 -0.15554618
  0.14989643 -0.0112813   0.75949496  0.31259545 -0.28933411  0.01846706
  0.13385294  0.3280039   0.44702395 -0.03235405 -0.55736143  0.21691285
 -0.57695501  0.45772529 -0.48169746  0.42163144 -0.30246769 -0.64141582
 -0.46348052 -0.05173531  0.1357534   0.05965884  0.13704981 -0.41513231
 -0.02319476  0.50169196 -0.3045601   0.18711142 -0.23974976 -0.10561532
  0.46228109  0.30574359 -0.32731226  0.67625841 -0.94473265  0.51649558
  0.71706056  0.60254635  0.68110897 -0.05280485 -0.32412434  0.47784796
  0.25347879 -0.34576915 -0.23028292]
Best fitness: 0.297411

Iteration 10
========================================
Best position: [ 0.07957721  0.3261016  -0.95229619 -0.27501116  0.26662713  0.26474193
  0.0511072   0.5049228  -0.14206973  1.         -0.10864863  0.08110515
  0.76902619  0.37933014  0.24968186  0.04773886  0.93690969  0.07353689
 -0.20089825 -0.43028381 -0.50066811 -0.21221066  0.34644161  0.83327127
  0.83060311  0.55850889 -0.74104729 -0.27391918 -0.87391032 -0.46721959
 -0.11535498 -0.08610419 -0.96288684 -0.15346248  0.3877876   1.
 -0.21480164  0.08754948  0.52482898  0.14417993  0.61712746 -0.02492858
  0.83429206  1.         -0.07954677  0.44310181  0.73514184  0.06792627
 -0.22400509 -0.81625849  0.72616263  0.85301551  0.56698417  0.74308608
  0.25070697  0.50802076  0.04076828 -0.8922694  -0.80253481  0.32633002
 -0.03326107 -1.          0.26778505  0.37090756  0.50734528  0.06881936
 -1.          1.          0.52616396 -0.13774172 -0.06252898 -0.15554618
  0.14989643 -0.0112813   0.75949496  0.31259545 -0.28933411  0.01846706
  0.13385294  0.3280039   0.44702395 -0.03235405 -0.55736143  0.21691285
 -0.57695501  0.45772529 -0.48169746  0.42163144 -0.30246769 -0.64141582
 -0.46348052 -0.05173531  0.1357534   0.05965884  0.13704981 -0.41513231
 -0.02319476  0.50169196 -0.3045601   0.18711142 -0.23974976 -0.10561532
  0.46228109  0.30574359 -0.32731226  0.67625841 -0.94473265  0.51649558
  0.71706056  0.60254635  0.68110897 -0.05280485 -0.32412434  0.47784796
  0.25347879 -0.34576915 -0.23028292]
Best fitness: 0.297411

Iteration 11
========================================
Best position: [-0.19346545  0.28401842 -0.9711791  -0.25816857 -0.02313312  0.2406272
  0.24996776  0.4480579  -0.13661116  0.98275378 -0.13395681  0.17636839
  0.82111348  0.00829572  0.07295482 -0.01420887  0.97500432  0.03280866
 -0.54542513 -0.26645584 -0.22656346 -0.08378287  0.29776794  0.62253555
  1.          0.49192426 -0.74880881 -0.21369897 -0.47943497  0.22905276
  0.13405844  0.47066718 -0.76133074  0.08334533 -0.06505686  0.99325633
  0.24546641  0.27004137  0.80320408  0.23839683  0.51413726  0.03849637
  0.60280596  0.98490198 -0.08809754  0.31940663  0.52010499  0.07749325
 -0.26566379 -0.76526651  0.69010376  0.55018363  0.33843601  1.
  0.28966102  0.5497724   0.27318344 -0.21823118 -0.68654298 -0.09110087
 -0.0735106   0.0212262   0.16075875  0.71105092  0.47255407 -0.00306723
 -0.49951197  0.74254742  0.61434957 -0.18056035  0.60117741 -0.23763629
  0.12028463  0.11979702  0.88381101  0.17922506 -0.02711776  0.1916888
  0.13033703  0.17186126  0.39567219  0.08572654  0.10505384  0.02388133
 -0.58784677  0.50361148 -0.39957122  0.46589093 -0.49817483 -0.69860524
 -0.28502355 -0.09199209 -0.17084801 -0.01380742  0.42696069 -0.41386836
  0.01480197  0.45940717 -0.36317674  0.15723985 -0.16992427  0.046166
  0.43531369  0.38761265 -0.63373677  0.3227485  -1.          0.64842811
  0.71340198  0.32084294  0.7045056   0.04545386 -0.34673208  0.47136412
  0.38524471 -0.03135466 -0.06868   ]
Best fitness: 0.300389

Iteration 12
========================================
Best position: [-0.08841314  0.14117238 -0.99046002 -0.26866864  0.35109963  0.53136263
  0.44350982  0.44191511 -0.15503384  0.98826735 -0.0416707  -0.1199408
  0.69491532 -0.03327986  0.04282446  0.11173829  0.9707432   0.24389987
 -0.78440763 -0.26069784 -0.1294389  -0.15862503  0.2829166   0.76631632
  0.55368324  0.46823776 -0.48720637  0.2528418  -0.5583022   0.15966946
 -0.06847881  0.76006647 -0.5701658   0.16280453 -0.02182359  0.71077956
  0.46630171  0.12479069  0.5971024   0.24290456  0.46783078  0.01314195
  0.61113151  0.98745016 -0.30785733  0.18194306  0.6433752   0.0286916
 -0.25087433 -0.76594229  0.61527834  0.68841856  0.21966212  1.
  0.14380138  0.70909529  0.18173717 -0.3782227  -0.44963035  0.08021058
 -0.07626778  0.12241229 -0.1362106   0.59413167  0.4705693  -0.0378364
 -0.25755973  0.66280164  0.54022787 -0.4110895   0.70288869 -0.21345367
  0.13950887  0.10456248  0.92293978  0.10639465  0.101581    0.30884563
  0.17602477  0.19981788  0.55708987 -0.07246881 -0.06056662 -0.11080366
 -0.45753416  0.50248088 -0.444851    0.41163255 -0.58184686 -0.62268348
 -0.31922292 -0.10173735 -0.12501825 -0.15787936  0.58319785 -0.43584346
  0.01280198  0.21144324 -0.42771125  0.09249244 -0.16930976  0.04450246
  0.41097944  0.33866276 -0.56484474  0.42575215 -0.97196326  0.72648705
  0.90094263  0.30067712  0.72482809  0.01944888 -0.46931852  0.49159056
  0.46142564  0.54961535 -0.48914688]
Best fitness: 0.300637

Iteration 13
========================================
Best position: [-0.08841314  0.14117238 -0.99046002 -0.26866864  0.35109963  0.53136263
  0.44350982  0.44191511 -0.15503384  0.98826735 -0.0416707  -0.1199408
  0.69491532 -0.03327986  0.04282446  0.11173829  0.9707432   0.24389987
 -0.78440763 -0.26069784 -0.1294389  -0.15862503  0.2829166   0.76631632
  0.55368324  0.46823776 -0.48720637  0.2528418  -0.5583022   0.15966946
 -0.06847881  0.76006647 -0.5701658   0.16280453 -0.02182359  0.71077956
  0.46630171  0.12479069  0.5971024   0.24290456  0.46783078  0.01314195
  0.61113151  0.98745016 -0.30785733  0.18194306  0.6433752   0.0286916
 -0.25087433 -0.76594229  0.61527834  0.68841856  0.21966212  1.
  0.14380138  0.70909529  0.18173717 -0.3782227  -0.44963035  0.08021058
 -0.07626778  0.12241229 -0.1362106   0.59413167  0.4705693  -0.0378364
 -0.25755973  0.66280164  0.54022787 -0.4110895   0.70288869 -0.21345367
  0.13950887  0.10456248  0.92293978  0.10639465  0.101581    0.30884563
  0.17602477  0.19981788  0.55708987 -0.07246881 -0.06056662 -0.11080366
 -0.45753416  0.50248088 -0.444851    0.41163255 -0.58184686 -0.62268348
 -0.31922292 -0.10173735 -0.12501825 -0.15787936  0.58319785 -0.43584346
  0.01280198  0.21144324 -0.42771125  0.09249244 -0.16930976  0.04450246
  0.41097944  0.33866276 -0.56484474  0.42575215 -0.97196326  0.72648705
  0.90094263  0.30067712  0.72482809  0.01944888 -0.46931852  0.49159056
  0.46142564  0.54961535 -0.48914688]
Best fitness: 0.300637

Iteration 14
========================================
Best position: [-0.08841314  0.14117238 -0.99046002 -0.26866864  0.35109963  0.53136263
  0.44350982  0.44191511 -0.15503384  0.98826735 -0.0416707  -0.1199408
  0.69491532 -0.03327986  0.04282446  0.11173829  0.9707432   0.24389987
 -0.78440763 -0.26069784 -0.1294389  -0.15862503  0.2829166   0.76631632
  0.55368324  0.46823776 -0.48720637  0.2528418  -0.5583022   0.15966946
 -0.06847881  0.76006647 -0.5701658   0.16280453 -0.02182359  0.71077956
  0.46630171  0.12479069  0.5971024   0.24290456  0.46783078  0.01314195
  0.61113151  0.98745016 -0.30785733  0.18194306  0.6433752   0.0286916
 -0.25087433 -0.76594229  0.61527834  0.68841856  0.21966212  1.
  0.14380138  0.70909529  0.18173717 -0.3782227  -0.44963035  0.08021058
 -0.07626778  0.12241229 -0.1362106   0.59413167  0.4705693  -0.0378364
 -0.25755973  0.66280164  0.54022787 -0.4110895   0.70288869 -0.21345367
  0.13950887  0.10456248  0.92293978  0.10639465  0.101581    0.30884563
  0.17602477  0.19981788  0.55708987 -0.07246881 -0.06056662 -0.11080366
 -0.45753416  0.50248088 -0.444851    0.41163255 -0.58184686 -0.62268348
 -0.31922292 -0.10173735 -0.12501825 -0.15787936  0.58319785 -0.43584346
  0.01280198  0.21144324 -0.42771125  0.09249244 -0.16930976  0.04450246
  0.41097944  0.33866276 -0.56484474  0.42575215 -0.97196326  0.72648705
  0.90094263  0.30067712  0.72482809  0.01944888 -0.46931852  0.49159056
  0.46142564  0.54961535 -0.48914688]
Best fitness: 0.300637

Iteration 15
========================================
Best position: [-0.08841314  0.14117238 -0.99046002 -0.26866864  0.35109963  0.53136263
  0.44350982  0.44191511 -0.15503384  0.98826735 -0.0416707  -0.1199408
  0.69491532 -0.03327986  0.04282446  0.11173829  0.9707432   0.24389987
 -0.78440763 -0.26069784 -0.1294389  -0.15862503  0.2829166   0.76631632
  0.55368324  0.46823776 -0.48720637  0.2528418  -0.5583022   0.15966946
 -0.06847881  0.76006647 -0.5701658   0.16280453 -0.02182359  0.71077956
  0.46630171  0.12479069  0.5971024   0.24290456  0.46783078  0.01314195
  0.61113151  0.98745016 -0.30785733  0.18194306  0.6433752   0.0286916
 -0.25087433 -0.76594229  0.61527834  0.68841856  0.21966212  1.
  0.14380138  0.70909529  0.18173717 -0.3782227  -0.44963035  0.08021058
 -0.07626778  0.12241229 -0.1362106   0.59413167  0.4705693  -0.0378364
 -0.25755973  0.66280164  0.54022787 -0.4110895   0.70288869 -0.21345367
  0.13950887  0.10456248  0.92293978  0.10639465  0.101581    0.30884563
  0.17602477  0.19981788  0.55708987 -0.07246881 -0.06056662 -0.11080366
 -0.45753416  0.50248088 -0.444851    0.41163255 -0.58184686 -0.62268348
 -0.31922292 -0.10173735 -0.12501825 -0.15787936  0.58319785 -0.43584346
  0.01280198  0.21144324 -0.42771125  0.09249244 -0.16930976  0.04450246
  0.41097944  0.33866276 -0.56484474  0.42575215 -0.97196326  0.72648705
  0.90094263  0.30067712  0.72482809  0.01944888 -0.46931852  0.49159056
  0.46142564  0.54961535 -0.48914688]
Best fitness: 0.300637

Iteration 16
========================================
Best position: [-0.08841314  0.14117238 -0.99046002 -0.26866864  0.35109963  0.53136263
  0.44350982  0.44191511 -0.15503384  0.98826735 -0.0416707  -0.1199408
  0.69491532 -0.03327986  0.04282446  0.11173829  0.9707432   0.24389987
 -0.78440763 -0.26069784 -0.1294389  -0.15862503  0.2829166   0.76631632
  0.55368324  0.46823776 -0.48720637  0.2528418  -0.5583022   0.15966946
 -0.06847881  0.76006647 -0.5701658   0.16280453 -0.02182359  0.71077956
  0.46630171  0.12479069  0.5971024   0.24290456  0.46783078  0.01314195
  0.61113151  0.98745016 -0.30785733  0.18194306  0.6433752   0.0286916
 -0.25087433 -0.76594229  0.61527834  0.68841856  0.21966212  1.
  0.14380138  0.70909529  0.18173717 -0.3782227  -0.44963035  0.08021058
 -0.07626778  0.12241229 -0.1362106   0.59413167  0.4705693  -0.0378364
 -0.25755973  0.66280164  0.54022787 -0.4110895   0.70288869 -0.21345367
  0.13950887  0.10456248  0.92293978  0.10639465  0.101581    0.30884563
  0.17602477  0.19981788  0.55708987 -0.07246881 -0.06056662 -0.11080366
 -0.45753416  0.50248088 -0.444851    0.41163255 -0.58184686 -0.62268348
 -0.31922292 -0.10173735 -0.12501825 -0.15787936  0.58319785 -0.43584346
  0.01280198  0.21144324 -0.42771125  0.09249244 -0.16930976  0.04450246
  0.41097944  0.33866276 -0.56484474  0.42575215 -0.97196326  0.72648705
  0.90094263  0.30067712  0.72482809  0.01944888 -0.46931852  0.49159056
  0.46142564  0.54961535 -0.48914688]
Best fitness: 0.300637

Iteration 17
========================================
Best position: [-0.08841314  0.14117238 -0.99046002 -0.26866864  0.35109963  0.53136263
  0.44350982  0.44191511 -0.15503384  0.98826735 -0.0416707  -0.1199408
  0.69491532 -0.03327986  0.04282446  0.11173829  0.9707432   0.24389987
 -0.78440763 -0.26069784 -0.1294389  -0.15862503  0.2829166   0.76631632
  0.55368324  0.46823776 -0.48720637  0.2528418  -0.5583022   0.15966946
 -0.06847881  0.76006647 -0.5701658   0.16280453 -0.02182359  0.71077956
  0.46630171  0.12479069  0.5971024   0.24290456  0.46783078  0.01314195
  0.61113151  0.98745016 -0.30785733  0.18194306  0.6433752   0.0286916
 -0.25087433 -0.76594229  0.61527834  0.68841856  0.21966212  1.
  0.14380138  0.70909529  0.18173717 -0.3782227  -0.44963035  0.08021058
 -0.07626778  0.12241229 -0.1362106   0.59413167  0.4705693  -0.0378364
 -0.25755973  0.66280164  0.54022787 -0.4110895   0.70288869 -0.21345367
  0.13950887  0.10456248  0.92293978  0.10639465  0.101581    0.30884563
  0.17602477  0.19981788  0.55708987 -0.07246881 -0.06056662 -0.11080366
 -0.45753416  0.50248088 -0.444851    0.41163255 -0.58184686 -0.62268348
 -0.31922292 -0.10173735 -0.12501825 -0.15787936  0.58319785 -0.43584346
  0.01280198  0.21144324 -0.42771125  0.09249244 -0.16930976  0.04450246
  0.41097944  0.33866276 -0.56484474  0.42575215 -0.97196326  0.72648705
  0.90094263  0.30067712  0.72482809  0.01944888 -0.46931852  0.49159056
  0.46142564  0.54961535 -0.48914688]
Best fitness: 0.300637

Iteration 18
========================================
Best position: [-0.08841314  0.14117238 -0.99046002 -0.26866864  0.35109963  0.53136263
  0.44350982  0.44191511 -0.15503384  0.98826735 -0.0416707  -0.1199408
  0.69491532 -0.03327986  0.04282446  0.11173829  0.9707432   0.24389987
 -0.78440763 -0.26069784 -0.1294389  -0.15862503  0.2829166   0.76631632
  0.55368324  0.46823776 -0.48720637  0.2528418  -0.5583022   0.15966946
 -0.06847881  0.76006647 -0.5701658   0.16280453 -0.02182359  0.71077956
  0.46630171  0.12479069  0.5971024   0.24290456  0.46783078  0.01314195
  0.61113151  0.98745016 -0.30785733  0.18194306  0.6433752   0.0286916
 -0.25087433 -0.76594229  0.61527834  0.68841856  0.21966212  1.
  0.14380138  0.70909529  0.18173717 -0.3782227  -0.44963035  0.08021058
 -0.07626778  0.12241229 -0.1362106   0.59413167  0.4705693  -0.0378364
 -0.25755973  0.66280164  0.54022787 -0.4110895   0.70288869 -0.21345367
  0.13950887  0.10456248  0.92293978  0.10639465  0.101581    0.30884563
  0.17602477  0.19981788  0.55708987 -0.07246881 -0.06056662 -0.11080366
 -0.45753416  0.50248088 -0.444851    0.41163255 -0.58184686 -0.62268348
 -0.31922292 -0.10173735 -0.12501825 -0.15787936  0.58319785 -0.43584346
  0.01280198  0.21144324 -0.42771125  0.09249244 -0.16930976  0.04450246
  0.41097944  0.33866276 -0.56484474  0.42575215 -0.97196326  0.72648705
  0.90094263  0.30067712  0.72482809  0.01944888 -0.46931852  0.49159056
  0.46142564  0.54961535 -0.48914688]
Best fitness: 0.300637

Iteration 19
========================================
Best position: [-0.04857782  0.75536188 -0.98354728 -0.5066789   0.37279177  0.67903498
  0.3929203   0.6894496  -0.3520823   0.98053654  0.01022003  0.21182721
  0.7027105   0.10391615  0.15314444  0.08321586  0.97518779  0.34307435
 -0.62059411 -0.22621374 -0.17334654 -0.6372663   0.37962879  0.85341925
  0.60754983  0.49182253 -0.06483499  0.07176423 -0.52387937  0.69766552
 -0.0984629   0.65554008 -0.58344366  0.19948361  0.09086527  1.
  0.08446676  0.3393      0.6160988   0.20566208  0.41068838  0.23292414
  0.75791874  0.99100116 -0.29927646  0.29490333  0.62020389  0.01813805
 -0.22829734 -0.77408982  0.68072803  0.8060008   0.31492437  0.99810889
  0.39482472  0.96861651  0.01151071 -0.58639672 -0.58215515 -0.24427683
 -0.07933628  0.19908498 -0.21674177  0.61444645  0.46119656 -0.07086451
 -0.19728404  0.54440892  0.60042985 -0.29272788  0.60965215 -0.33854243
  0.13703373  0.12846339  0.88911073  0.44084356  0.08320654  0.3955763
  0.06905493  0.23917901  0.24526937 -0.05401942 -0.40986487 -0.2262145
 -0.51490959  0.46945476 -0.45014822  0.41636172 -0.68260249 -0.73363109
 -0.1997471  -0.11498835 -0.06598072 -0.11142561  0.05286509 -0.30831116
 -0.0426818   0.25993217 -0.34349458  0.03758403 -0.16894786  0.18816204
  0.44351334  0.27448855 -0.43935439  0.60047647 -0.96867053  0.71089144
  0.78311834  0.5069669   0.75378773 -0.15139563 -0.42850594  0.57728254
  0.82561701 -0.39949298 -0.17018844]
Best fitness: 0.301766

Iteration 20
========================================
Best position: [-0.04857782  0.75536188 -0.98354728 -0.5066789   0.37279177  0.67903498
  0.3929203   0.6894496  -0.3520823   0.98053654  0.01022003  0.21182721
  0.7027105   0.10391615  0.15314444  0.08321586  0.97518779  0.34307435
 -0.62059411 -0.22621374 -0.17334654 -0.6372663   0.37962879  0.85341925
  0.60754983  0.49182253 -0.06483499  0.07176423 -0.52387937  0.69766552
 -0.0984629   0.65554008 -0.58344366  0.19948361  0.09086527  1.
  0.08446676  0.3393      0.6160988   0.20566208  0.41068838  0.23292414
  0.75791874  0.99100116 -0.29927646  0.29490333  0.62020389  0.01813805
 -0.22829734 -0.77408982  0.68072803  0.8060008   0.31492437  0.99810889
  0.39482472  0.96861651  0.01151071 -0.58639672 -0.58215515 -0.24427683
 -0.07933628  0.19908498 -0.21674177  0.61444645  0.46119656 -0.07086451
 -0.19728404  0.54440892  0.60042985 -0.29272788  0.60965215 -0.33854243
  0.13703373  0.12846339  0.88911073  0.44084356  0.08320654  0.3955763
  0.06905493  0.23917901  0.24526937 -0.05401942 -0.40986487 -0.2262145
 -0.51490959  0.46945476 -0.45014822  0.41636172 -0.68260249 -0.73363109
 -0.1997471  -0.11498835 -0.06598072 -0.11142561  0.05286509 -0.30831116
 -0.0426818   0.25993217 -0.34349458  0.03758403 -0.16894786  0.18816204
  0.44351334  0.27448855 -0.43935439  0.60047647 -0.96867053  0.71089144
  0.78311834  0.5069669   0.75378773 -0.15139563 -0.42850594  0.57728254
  0.82561701 -0.39949298 -0.17018844]
Best fitness: 0.301766

Iteration 21
========================================
Best position: [-0.04857782  0.75536188 -0.98354728 -0.5066789   0.37279177  0.67903498
  0.3929203   0.6894496  -0.3520823   0.98053654  0.01022003  0.21182721
  0.7027105   0.10391615  0.15314444  0.08321586  0.97518779  0.34307435
 -0.62059411 -0.22621374 -0.17334654 -0.6372663   0.37962879  0.85341925
  0.60754983  0.49182253 -0.06483499  0.07176423 -0.52387937  0.69766552
 -0.0984629   0.65554008 -0.58344366  0.19948361  0.09086527  1.
  0.08446676  0.3393      0.6160988   0.20566208  0.41068838  0.23292414
  0.75791874  0.99100116 -0.29927646  0.29490333  0.62020389  0.01813805
 -0.22829734 -0.77408982  0.68072803  0.8060008   0.31492437  0.99810889
  0.39482472  0.96861651  0.01151071 -0.58639672 -0.58215515 -0.24427683
 -0.07933628  0.19908498 -0.21674177  0.61444645  0.46119656 -0.07086451
 -0.19728404  0.54440892  0.60042985 -0.29272788  0.60965215 -0.33854243
  0.13703373  0.12846339  0.88911073  0.44084356  0.08320654  0.3955763
  0.06905493  0.23917901  0.24526937 -0.05401942 -0.40986487 -0.2262145
 -0.51490959  0.46945476 -0.45014822  0.41636172 -0.68260249 -0.73363109
 -0.1997471  -0.11498835 -0.06598072 -0.11142561  0.05286509 -0.30831116
 -0.0426818   0.25993217 -0.34349458  0.03758403 -0.16894786  0.18816204
  0.44351334  0.27448855 -0.43935439  0.60047647 -0.96867053  0.71089144
  0.78311834  0.5069669   0.75378773 -0.15139563 -0.42850594  0.57728254
  0.82561701 -0.39949298 -0.17018844]
Best fitness: 0.301766

Iteration 22
========================================
Best position: [-0.04857782  0.75536188 -0.98354728 -0.5066789   0.37279177  0.67903498
  0.3929203   0.6894496  -0.3520823   0.98053654  0.01022003  0.21182721
  0.7027105   0.10391615  0.15314444  0.08321586  0.97518779  0.34307435
 -0.62059411 -0.22621374 -0.17334654 -0.6372663   0.37962879  0.85341925
  0.60754983  0.49182253 -0.06483499  0.07176423 -0.52387937  0.69766552
 -0.0984629   0.65554008 -0.58344366  0.19948361  0.09086527  1.
  0.08446676  0.3393      0.6160988   0.20566208  0.41068838  0.23292414
  0.75791874  0.99100116 -0.29927646  0.29490333  0.62020389  0.01813805
 -0.22829734 -0.77408982  0.68072803  0.8060008   0.31492437  0.99810889
  0.39482472  0.96861651  0.01151071 -0.58639672 -0.58215515 -0.24427683
 -0.07933628  0.19908498 -0.21674177  0.61444645  0.46119656 -0.07086451
 -0.19728404  0.54440892  0.60042985 -0.29272788  0.60965215 -0.33854243
  0.13703373  0.12846339  0.88911073  0.44084356  0.08320654  0.3955763
  0.06905493  0.23917901  0.24526937 -0.05401942 -0.40986487 -0.2262145
 -0.51490959  0.46945476 -0.45014822  0.41636172 -0.68260249 -0.73363109
 -0.1997471  -0.11498835 -0.06598072 -0.11142561  0.05286509 -0.30831116
 -0.0426818   0.25993217 -0.34349458  0.03758403 -0.16894786  0.18816204
  0.44351334  0.27448855 -0.43935439  0.60047647 -0.96867053  0.71089144
  0.78311834  0.5069669   0.75378773 -0.15139563 -0.42850594  0.57728254
  0.82561701 -0.39949298 -0.17018844]
Best fitness: 0.301766

Iteration 23
========================================
Best position: [-0.04857782  0.75536188 -0.98354728 -0.5066789   0.37279177  0.67903498
  0.3929203   0.6894496  -0.3520823   0.98053654  0.01022003  0.21182721
  0.7027105   0.10391615  0.15314444  0.08321586  0.97518779  0.34307435
 -0.62059411 -0.22621374 -0.17334654 -0.6372663   0.37962879  0.85341925
  0.60754983  0.49182253 -0.06483499  0.07176423 -0.52387937  0.69766552
 -0.0984629   0.65554008 -0.58344366  0.19948361  0.09086527  1.
  0.08446676  0.3393      0.6160988   0.20566208  0.41068838  0.23292414
  0.75791874  0.99100116 -0.29927646  0.29490333  0.62020389  0.01813805
 -0.22829734 -0.77408982  0.68072803  0.8060008   0.31492437  0.99810889
  0.39482472  0.96861651  0.01151071 -0.58639672 -0.58215515 -0.24427683
 -0.07933628  0.19908498 -0.21674177  0.61444645  0.46119656 -0.07086451
 -0.19728404  0.54440892  0.60042985 -0.29272788  0.60965215 -0.33854243
  0.13703373  0.12846339  0.88911073  0.44084356  0.08320654  0.3955763
  0.06905493  0.23917901  0.24526937 -0.05401942 -0.40986487 -0.2262145
 -0.51490959  0.46945476 -0.45014822  0.41636172 -0.68260249 -0.73363109
 -0.1997471  -0.11498835 -0.06598072 -0.11142561  0.05286509 -0.30831116
 -0.0426818   0.25993217 -0.34349458  0.03758403 -0.16894786  0.18816204
  0.44351334  0.27448855 -0.43935439  0.60047647 -0.96867053  0.71089144
  0.78311834  0.5069669   0.75378773 -0.15139563 -0.42850594  0.57728254
  0.82561701 -0.39949298 -0.17018844]
Best fitness: 0.301766

Iteration 24
========================================
Best position: [-0.04857782  0.75536188 -0.98354728 -0.5066789   0.37279177  0.67903498
  0.3929203   0.6894496  -0.3520823   0.98053654  0.01022003  0.21182721
  0.7027105   0.10391615  0.15314444  0.08321586  0.97518779  0.34307435
 -0.62059411 -0.22621374 -0.17334654 -0.6372663   0.37962879  0.85341925
  0.60754983  0.49182253 -0.06483499  0.07176423 -0.52387937  0.69766552
 -0.0984629   0.65554008 -0.58344366  0.19948361  0.09086527  1.
  0.08446676  0.3393      0.6160988   0.20566208  0.41068838  0.23292414
  0.75791874  0.99100116 -0.29927646  0.29490333  0.62020389  0.01813805
 -0.22829734 -0.77408982  0.68072803  0.8060008   0.31492437  0.99810889
  0.39482472  0.96861651  0.01151071 -0.58639672 -0.58215515 -0.24427683
 -0.07933628  0.19908498 -0.21674177  0.61444645  0.46119656 -0.07086451
 -0.19728404  0.54440892  0.60042985 -0.29272788  0.60965215 -0.33854243
  0.13703373  0.12846339  0.88911073  0.44084356  0.08320654  0.3955763
  0.06905493  0.23917901  0.24526937 -0.05401942 -0.40986487 -0.2262145
 -0.51490959  0.46945476 -0.45014822  0.41636172 -0.68260249 -0.73363109
 -0.1997471  -0.11498835 -0.06598072 -0.11142561  0.05286509 -0.30831116
 -0.0426818   0.25993217 -0.34349458  0.03758403 -0.16894786  0.18816204
  0.44351334  0.27448855 -0.43935439  0.60047647 -0.96867053  0.71089144
  0.78311834  0.5069669   0.75378773 -0.15139563 -0.42850594  0.57728254
  0.82561701 -0.39949298 -0.17018844]
Best fitness: 0.301766

Iteration 25
========================================
Best position: [-0.04857782  0.75536188 -0.98354728 -0.5066789   0.37279177  0.67903498
  0.3929203   0.6894496  -0.3520823   0.98053654  0.01022003  0.21182721
  0.7027105   0.10391615  0.15314444  0.08321586  0.97518779  0.34307435
 -0.62059411 -0.22621374 -0.17334654 -0.6372663   0.37962879  0.85341925
  0.60754983  0.49182253 -0.06483499  0.07176423 -0.52387937  0.69766552
 -0.0984629   0.65554008 -0.58344366  0.19948361  0.09086527  1.
  0.08446676  0.3393      0.6160988   0.20566208  0.41068838  0.23292414
  0.75791874  0.99100116 -0.29927646  0.29490333  0.62020389  0.01813805
 -0.22829734 -0.77408982  0.68072803  0.8060008   0.31492437  0.99810889
  0.39482472  0.96861651  0.01151071 -0.58639672 -0.58215515 -0.24427683
 -0.07933628  0.19908498 -0.21674177  0.61444645  0.46119656 -0.07086451
 -0.19728404  0.54440892  0.60042985 -0.29272788  0.60965215 -0.33854243
  0.13703373  0.12846339  0.88911073  0.44084356  0.08320654  0.3955763
  0.06905493  0.23917901  0.24526937 -0.05401942 -0.40986487 -0.2262145
 -0.51490959  0.46945476 -0.45014822  0.41636172 -0.68260249 -0.73363109
 -0.1997471  -0.11498835 -0.06598072 -0.11142561  0.05286509 -0.30831116
 -0.0426818   0.25993217 -0.34349458  0.03758403 -0.16894786  0.18816204
  0.44351334  0.27448855 -0.43935439  0.60047647 -0.96867053  0.71089144
  0.78311834  0.5069669   0.75378773 -0.15139563 -0.42850594  0.57728254
  0.82561701 -0.39949298 -0.17018844]
Best fitness: 0.301766

Iteration 26
========================================
Best position: [-0.04857782  0.75536188 -0.98354728 -0.5066789   0.37279177  0.67903498
  0.3929203   0.6894496  -0.3520823   0.98053654  0.01022003  0.21182721
  0.7027105   0.10391615  0.15314444  0.08321586  0.97518779  0.34307435
 -0.62059411 -0.22621374 -0.17334654 -0.6372663   0.37962879  0.85341925
  0.60754983  0.49182253 -0.06483499  0.07176423 -0.52387937  0.69766552
 -0.0984629   0.65554008 -0.58344366  0.19948361  0.09086527  1.
  0.08446676  0.3393      0.6160988   0.20566208  0.41068838  0.23292414
  0.75791874  0.99100116 -0.29927646  0.29490333  0.62020389  0.01813805
 -0.22829734 -0.77408982  0.68072803  0.8060008   0.31492437  0.99810889
  0.39482472  0.96861651  0.01151071 -0.58639672 -0.58215515 -0.24427683
 -0.07933628  0.19908498 -0.21674177  0.61444645  0.46119656 -0.07086451
 -0.19728404  0.54440892  0.60042985 -0.29272788  0.60965215 -0.33854243
  0.13703373  0.12846339  0.88911073  0.44084356  0.08320654  0.3955763
  0.06905493  0.23917901  0.24526937 -0.05401942 -0.40986487 -0.2262145
 -0.51490959  0.46945476 -0.45014822  0.41636172 -0.68260249 -0.73363109
 -0.1997471  -0.11498835 -0.06598072 -0.11142561  0.05286509 -0.30831116
 -0.0426818   0.25993217 -0.34349458  0.03758403 -0.16894786  0.18816204
  0.44351334  0.27448855 -0.43935439  0.60047647 -0.96867053  0.71089144
  0.78311834  0.5069669   0.75378773 -0.15139563 -0.42850594  0.57728254
  0.82561701 -0.39949298 -0.17018844]
Best fitness: 0.301766

Iteration 27
========================================
Best position: [-0.04857782  0.75536188 -0.98354728 -0.5066789   0.37279177  0.67903498
  0.3929203   0.6894496  -0.3520823   0.98053654  0.01022003  0.21182721
  0.7027105   0.10391615  0.15314444  0.08321586  0.97518779  0.34307435
 -0.62059411 -0.22621374 -0.17334654 -0.6372663   0.37962879  0.85341925
  0.60754983  0.49182253 -0.06483499  0.07176423 -0.52387937  0.69766552
 -0.0984629   0.65554008 -0.58344366  0.19948361  0.09086527  1.
  0.08446676  0.3393      0.6160988   0.20566208  0.41068838  0.23292414
  0.75791874  0.99100116 -0.29927646  0.29490333  0.62020389  0.01813805
 -0.22829734 -0.77408982  0.68072803  0.8060008   0.31492437  0.99810889
  0.39482472  0.96861651  0.01151071 -0.58639672 -0.58215515 -0.24427683
 -0.07933628  0.19908498 -0.21674177  0.61444645  0.46119656 -0.07086451
 -0.19728404  0.54440892  0.60042985 -0.29272788  0.60965215 -0.33854243
  0.13703373  0.12846339  0.88911073  0.44084356  0.08320654  0.3955763
  0.06905493  0.23917901  0.24526937 -0.05401942 -0.40986487 -0.2262145
 -0.51490959  0.46945476 -0.45014822  0.41636172 -0.68260249 -0.73363109
 -0.1997471  -0.11498835 -0.06598072 -0.11142561  0.05286509 -0.30831116
 -0.0426818   0.25993217 -0.34349458  0.03758403 -0.16894786  0.18816204
  0.44351334  0.27448855 -0.43935439  0.60047647 -0.96867053  0.71089144
  0.78311834  0.5069669   0.75378773 -0.15139563 -0.42850594  0.57728254
  0.82561701 -0.39949298 -0.17018844]
Best fitness: 0.301766

Iteration 28
========================================
Best position: [-0.04857782  0.75536188 -0.98354728 -0.5066789   0.37279177  0.67903498
  0.3929203   0.6894496  -0.3520823   0.98053654  0.01022003  0.21182721
  0.7027105   0.10391615  0.15314444  0.08321586  0.97518779  0.34307435
 -0.62059411 -0.22621374 -0.17334654 -0.6372663   0.37962879  0.85341925
  0.60754983  0.49182253 -0.06483499  0.07176423 -0.52387937  0.69766552
 -0.0984629   0.65554008 -0.58344366  0.19948361  0.09086527  1.
  0.08446676  0.3393      0.6160988   0.20566208  0.41068838  0.23292414
  0.75791874  0.99100116 -0.29927646  0.29490333  0.62020389  0.01813805
 -0.22829734 -0.77408982  0.68072803  0.8060008   0.31492437  0.99810889
  0.39482472  0.96861651  0.01151071 -0.58639672 -0.58215515 -0.24427683
 -0.07933628  0.19908498 -0.21674177  0.61444645  0.46119656 -0.07086451
 -0.19728404  0.54440892  0.60042985 -0.29272788  0.60965215 -0.33854243
  0.13703373  0.12846339  0.88911073  0.44084356  0.08320654  0.3955763
  0.06905493  0.23917901  0.24526937 -0.05401942 -0.40986487 -0.2262145
 -0.51490959  0.46945476 -0.45014822  0.41636172 -0.68260249 -0.73363109
 -0.1997471  -0.11498835 -0.06598072 -0.11142561  0.05286509 -0.30831116
 -0.0426818   0.25993217 -0.34349458  0.03758403 -0.16894786  0.18816204
  0.44351334  0.27448855 -0.43935439  0.60047647 -0.96867053  0.71089144
  0.78311834  0.5069669   0.75378773 -0.15139563 -0.42850594  0.57728254
  0.82561701 -0.39949298 -0.17018844]
Best fitness: 0.301766

Iteration 29
========================================
Best position: [-0.04857782  0.75536188 -0.98354728 -0.5066789   0.37279177  0.67903498
  0.3929203   0.6894496  -0.3520823   0.98053654  0.01022003  0.21182721
  0.7027105   0.10391615  0.15314444  0.08321586  0.97518779  0.34307435
 -0.62059411 -0.22621374 -0.17334654 -0.6372663   0.37962879  0.85341925
  0.60754983  0.49182253 -0.06483499  0.07176423 -0.52387937  0.69766552
 -0.0984629   0.65554008 -0.58344366  0.19948361  0.09086527  1.
  0.08446676  0.3393      0.6160988   0.20566208  0.41068838  0.23292414
  0.75791874  0.99100116 -0.29927646  0.29490333  0.62020389  0.01813805
 -0.22829734 -0.77408982  0.68072803  0.8060008   0.31492437  0.99810889
  0.39482472  0.96861651  0.01151071 -0.58639672 -0.58215515 -0.24427683
 -0.07933628  0.19908498 -0.21674177  0.61444645  0.46119656 -0.07086451
 -0.19728404  0.54440892  0.60042985 -0.29272788  0.60965215 -0.33854243
  0.13703373  0.12846339  0.88911073  0.44084356  0.08320654  0.3955763
  0.06905493  0.23917901  0.24526937 -0.05401942 -0.40986487 -0.2262145
 -0.51490959  0.46945476 -0.45014822  0.41636172 -0.68260249 -0.73363109
 -0.1997471  -0.11498835 -0.06598072 -0.11142561  0.05286509 -0.30831116
 -0.0426818   0.25993217 -0.34349458  0.03758403 -0.16894786  0.18816204
  0.44351334  0.27448855 -0.43935439  0.60047647 -0.96867053  0.71089144
  0.78311834  0.5069669   0.75378773 -0.15139563 -0.42850594  0.57728254
  0.82561701 -0.39949298 -0.17018844]
Best fitness: 0.301766

Iteration 30
========================================
Best position: [-0.04857782  0.75536188 -0.98354728 -0.5066789   0.37279177  0.67903498
  0.3929203   0.6894496  -0.3520823   0.98053654  0.01022003  0.21182721
  0.7027105   0.10391615  0.15314444  0.08321586  0.97518779  0.34307435
 -0.62059411 -0.22621374 -0.17334654 -0.6372663   0.37962879  0.85341925
  0.60754983  0.49182253 -0.06483499  0.07176423 -0.52387937  0.69766552
 -0.0984629   0.65554008 -0.58344366  0.19948361  0.09086527  1.
  0.08446676  0.3393      0.6160988   0.20566208  0.41068838  0.23292414
  0.75791874  0.99100116 -0.29927646  0.29490333  0.62020389  0.01813805
 -0.22829734 -0.77408982  0.68072803  0.8060008   0.31492437  0.99810889
  0.39482472  0.96861651  0.01151071 -0.58639672 -0.58215515 -0.24427683
 -0.07933628  0.19908498 -0.21674177  0.61444645  0.46119656 -0.07086451
 -0.19728404  0.54440892  0.60042985 -0.29272788  0.60965215 -0.33854243
  0.13703373  0.12846339  0.88911073  0.44084356  0.08320654  0.3955763
  0.06905493  0.23917901  0.24526937 -0.05401942 -0.40986487 -0.2262145
 -0.51490959  0.46945476 -0.45014822  0.41636172 -0.68260249 -0.73363109
 -0.1997471  -0.11498835 -0.06598072 -0.11142561  0.05286509 -0.30831116
 -0.0426818   0.25993217 -0.34349458  0.03758403 -0.16894786  0.18816204
  0.44351334  0.27448855 -0.43935439  0.60047647 -0.96867053  0.71089144
  0.78311834  0.5069669   0.75378773 -0.15139563 -0.42850594  0.57728254
  0.82561701 -0.39949298 -0.17018844]
Best fitness: 0.301766

Iteration 31
========================================
Best position: [-0.04857782  0.75536188 -0.98354728 -0.5066789   0.37279177  0.67903498
  0.3929203   0.6894496  -0.3520823   0.98053654  0.01022003  0.21182721
  0.7027105   0.10391615  0.15314444  0.08321586  0.97518779  0.34307435
 -0.62059411 -0.22621374 -0.17334654 -0.6372663   0.37962879  0.85341925
  0.60754983  0.49182253 -0.06483499  0.07176423 -0.52387937  0.69766552
 -0.0984629   0.65554008 -0.58344366  0.19948361  0.09086527  1.
  0.08446676  0.3393      0.6160988   0.20566208  0.41068838  0.23292414
  0.75791874  0.99100116 -0.29927646  0.29490333  0.62020389  0.01813805
 -0.22829734 -0.77408982  0.68072803  0.8060008   0.31492437  0.99810889
  0.39482472  0.96861651  0.01151071 -0.58639672 -0.58215515 -0.24427683
 -0.07933628  0.19908498 -0.21674177  0.61444645  0.46119656 -0.07086451
 -0.19728404  0.54440892  0.60042985 -0.29272788  0.60965215 -0.33854243
  0.13703373  0.12846339  0.88911073  0.44084356  0.08320654  0.3955763
  0.06905493  0.23917901  0.24526937 -0.05401942 -0.40986487 -0.2262145
 -0.51490959  0.46945476 -0.45014822  0.41636172 -0.68260249 -0.73363109
 -0.1997471  -0.11498835 -0.06598072 -0.11142561  0.05286509 -0.30831116
 -0.0426818   0.25993217 -0.34349458  0.03758403 -0.16894786  0.18816204
  0.44351334  0.27448855 -0.43935439  0.60047647 -0.96867053  0.71089144
  0.78311834  0.5069669   0.75378773 -0.15139563 -0.42850594  0.57728254
  0.82561701 -0.39949298 -0.17018844]
Best fitness: 0.301766

Iteration 32
========================================
Best position: [-0.04857782  0.75536188 -0.98354728 -0.5066789   0.37279177  0.67903498
  0.3929203   0.6894496  -0.3520823   0.98053654  0.01022003  0.21182721
  0.7027105   0.10391615  0.15314444  0.08321586  0.97518779  0.34307435
 -0.62059411 -0.22621374 -0.17334654 -0.6372663   0.37962879  0.85341925
  0.60754983  0.49182253 -0.06483499  0.07176423 -0.52387937  0.69766552
 -0.0984629   0.65554008 -0.58344366  0.19948361  0.09086527  1.
  0.08446676  0.3393      0.6160988   0.20566208  0.41068838  0.23292414
  0.75791874  0.99100116 -0.29927646  0.29490333  0.62020389  0.01813805
 -0.22829734 -0.77408982  0.68072803  0.8060008   0.31492437  0.99810889
  0.39482472  0.96861651  0.01151071 -0.58639672 -0.58215515 -0.24427683
 -0.07933628  0.19908498 -0.21674177  0.61444645  0.46119656 -0.07086451
 -0.19728404  0.54440892  0.60042985 -0.29272788  0.60965215 -0.33854243
  0.13703373  0.12846339  0.88911073  0.44084356  0.08320654  0.3955763
  0.06905493  0.23917901  0.24526937 -0.05401942 -0.40986487 -0.2262145
 -0.51490959  0.46945476 -0.45014822  0.41636172 -0.68260249 -0.73363109
 -0.1997471  -0.11498835 -0.06598072 -0.11142561  0.05286509 -0.30831116
 -0.0426818   0.25993217 -0.34349458  0.03758403 -0.16894786  0.18816204
  0.44351334  0.27448855 -0.43935439  0.60047647 -0.96867053  0.71089144
  0.78311834  0.5069669   0.75378773 -0.15139563 -0.42850594  0.57728254
  0.82561701 -0.39949298 -0.17018844]
Best fitness: 0.301766

Iteration 33
========================================
Best position: [-0.04857782  0.75536188 -0.98354728 -0.5066789   0.37279177  0.67903498
  0.3929203   0.6894496  -0.3520823   0.98053654  0.01022003  0.21182721
  0.7027105   0.10391615  0.15314444  0.08321586  0.97518779  0.34307435
 -0.62059411 -0.22621374 -0.17334654 -0.6372663   0.37962879  0.85341925
  0.60754983  0.49182253 -0.06483499  0.07176423 -0.52387937  0.69766552
 -0.0984629   0.65554008 -0.58344366  0.19948361  0.09086527  1.
  0.08446676  0.3393      0.6160988   0.20566208  0.41068838  0.23292414
  0.75791874  0.99100116 -0.29927646  0.29490333  0.62020389  0.01813805
 -0.22829734 -0.77408982  0.68072803  0.8060008   0.31492437  0.99810889
  0.39482472  0.96861651  0.01151071 -0.58639672 -0.58215515 -0.24427683
 -0.07933628  0.19908498 -0.21674177  0.61444645  0.46119656 -0.07086451
 -0.19728404  0.54440892  0.60042985 -0.29272788  0.60965215 -0.33854243
  0.13703373  0.12846339  0.88911073  0.44084356  0.08320654  0.3955763
  0.06905493  0.23917901  0.24526937 -0.05401942 -0.40986487 -0.2262145
 -0.51490959  0.46945476 -0.45014822  0.41636172 -0.68260249 -0.73363109
 -0.1997471  -0.11498835 -0.06598072 -0.11142561  0.05286509 -0.30831116
 -0.0426818   0.25993217 -0.34349458  0.03758403 -0.16894786  0.18816204
  0.44351334  0.27448855 -0.43935439  0.60047647 -0.96867053  0.71089144
  0.78311834  0.5069669   0.75378773 -0.15139563 -0.42850594  0.57728254
  0.82561701 -0.39949298 -0.17018844]
Best fitness: 0.301766

Iteration 34
========================================
Best position: [-0.04857782  0.75536188 -0.98354728 -0.5066789   0.37279177  0.67903498
  0.3929203   0.6894496  -0.3520823   0.98053654  0.01022003  0.21182721
  0.7027105   0.10391615  0.15314444  0.08321586  0.97518779  0.34307435
 -0.62059411 -0.22621374 -0.17334654 -0.6372663   0.37962879  0.85341925
  0.60754983  0.49182253 -0.06483499  0.07176423 -0.52387937  0.69766552
 -0.0984629   0.65554008 -0.58344366  0.19948361  0.09086527  1.
  0.08446676  0.3393      0.6160988   0.20566208  0.41068838  0.23292414
  0.75791874  0.99100116 -0.29927646  0.29490333  0.62020389  0.01813805
 -0.22829734 -0.77408982  0.68072803  0.8060008   0.31492437  0.99810889
  0.39482472  0.96861651  0.01151071 -0.58639672 -0.58215515 -0.24427683
 -0.07933628  0.19908498 -0.21674177  0.61444645  0.46119656 -0.07086451
 -0.19728404  0.54440892  0.60042985 -0.29272788  0.60965215 -0.33854243
  0.13703373  0.12846339  0.88911073  0.44084356  0.08320654  0.3955763
  0.06905493  0.23917901  0.24526937 -0.05401942 -0.40986487 -0.2262145
 -0.51490959  0.46945476 -0.45014822  0.41636172 -0.68260249 -0.73363109
 -0.1997471  -0.11498835 -0.06598072 -0.11142561  0.05286509 -0.30831116
 -0.0426818   0.25993217 -0.34349458  0.03758403 -0.16894786  0.18816204
  0.44351334  0.27448855 -0.43935439  0.60047647 -0.96867053  0.71089144
  0.78311834  0.5069669   0.75378773 -0.15139563 -0.42850594  0.57728254
  0.82561701 -0.39949298 -0.17018844]
Best fitness: 0.301766

Iteration 35
========================================
