Iteration 0
========================================
Best position: [-0.34684142 -0.31626716  0.13577458  0.72760724  0.44237495 -1.
 -0.1587157  -0.60975495 -0.73103429 -0.67696587  0.05953914  0.56503953
 -0.79020932  0.07638798 -0.95742142 -0.37399098  0.23884967 -0.14117612
  0.30857706  0.09620765 -0.01218821  0.42668514 -1.          0.85672813
  1.          0.09137416  0.61461162 -0.64259534  0.05110162 -0.41777723
  0.92832513  0.43421648  0.14363666  0.37337756 -0.35458514 -0.9491084
 -0.47580782  0.33945941 -1.         -0.50483535 -0.26629659  0.11608506
 -0.43000017 -0.83679301  1.         -0.58126568 -0.69934716 -0.48160186
 -1.         -0.55740508 -0.03189573  1.         -0.03297936  0.8527143
 -0.82224193  1.         -0.2515691   1.          0.0949424  -0.57810052
 -0.70262201 -0.41208375 -0.99041289  0.20925872 -0.13734185  1.
  0.2559398   0.29099635 -0.85158052 -0.07582326 -1.          0.13316065
 -0.8657683  -0.63206325  0.05189453 -0.24964692 -0.18258941  0.07298084
  0.18846728 -0.58316536  0.30822093 -0.04008625  1.         -0.262153
  0.19946815 -0.14088462 -1.         -0.20725342  0.84085165 -0.6292137
  0.32364481 -0.27375436 -1.          0.4634538   0.46817103  0.99571445
  0.95463676  0.02951754  0.42881187 -0.46341    -0.02017703 -0.46802887
  0.37631179 -1.          0.16709269  0.47689309 -1.         -1.
  0.39488581  0.89774142 -0.12248976  1.         -0.83220363 -0.6494963
 -1.          0.37725446 -0.12442698  0.78343315 -0.40114142  0.02646399
  0.53049621  0.663356   -1.         -0.54770705  0.02037374  0.40585524
  1.         -0.47821367  0.46963592 -0.7008823   1.         -0.35976328
 -1.          0.61849271  0.2116329  -0.78370542 -0.42461677  0.0431684
  0.55809962 -1.          0.03989907  0.13863996  0.1637854  -0.32061513
 -0.74792917  0.80605039  0.52674068 -0.65966452 -0.17761808 -0.69512668
  0.79280761 -0.5788208  -0.26900228 -0.01483488 -0.62949079 -0.18070575
  0.70449211  0.53312498  0.45451629  0.13468748 -1.          0.42934318
  0.17347972 -0.72445259 -0.00669072 -0.19719806  1.          0.40657835
  0.83020431  0.88807563  0.57373931  0.00997901  0.27229189 -0.13954981
 -0.23450833  1.         -0.06125987  0.98674831  0.34574943  0.44823077]
Best fitness: 0.193400

Iteration 1
========================================
Best position: [-0.74358349  0.47369565  0.59148552 -0.40367777  1.         -1.
 -0.61913689 -0.26728772 -0.2861214  -0.36401954  0.73491419  0.50488547
 -0.78213491 -1.         -0.61692504 -0.31583214  1.         -0.35612212
 -0.20771318 -0.18747136  0.2500923   0.27544265 -1.          1.
  0.98996989  0.56664096  0.48324058  0.04442928  0.64782609 -0.63356732
  1.         -0.24593946 -1.         -0.86564851  0.16069104 -0.21255389
 -0.27821885 -0.32501838 -0.79810185 -1.          1.         -0.87864291
 -0.57153896 -0.29305967 -0.30902701 -0.8355657   1.         -0.31014615
 -0.86651707 -0.0806365  -0.99096667  0.26791906  0.37363342 -0.58483574
 -1.          0.90467797 -0.42265518  1.         -0.69569359  0.39591249
 -1.         -0.54391966 -1.         -0.86919173 -0.96260325  1.
 -1.         -0.96107088 -0.99876163 -0.12851195 -0.3249186  -0.96689661
 -0.7639751   0.12446701 -0.35860287  0.00885584  0.6473078   0.23232845
 -0.79207348 -0.78459308  0.52082778  0.47571594 -0.40016607 -1.
  1.         -0.96251637  1.         -0.99888222  0.52636053 -0.19658215
 -0.83953155  0.82980274 -1.          0.29892753  1.          0.91495904
  0.66859352  0.62127047  0.01706301 -0.28386918  0.61336423 -1.
  1.         -1.         -0.85740891  0.80343085 -0.99871469 -0.18644321
 -0.14102648  0.8120051   0.60804384  0.52278896 -0.73392697 -1.
 -1.          0.37395394  0.56032991  1.         -0.8571168  -0.63566845
  0.8342674   0.14942192 -0.60833336  0.61809412 -0.2991421   1.
 -0.84769304 -1.          0.96814862 -0.95299655 -0.27772563 -0.41413843
 -0.70284615 -0.23394125  0.68336011 -0.9971719  -1.         -0.1006169
  0.45293833  0.07721236  0.5272567   0.81680816  0.34172269 -0.89163973
 -0.63177037 -0.4186184   0.21611106 -0.17440555  0.40741159 -0.60813307
  0.67398162  0.10636905 -0.18971228 -0.23159422  0.20131467 -1.
  0.8362258   0.48993864  0.90570042  1.         -0.95047063  0.13092226
  0.91456678 -0.12739535  1.          0.3064119   0.87583928  0.20023853
 -0.00294479  0.24357519  0.77204222  0.62789455  0.01397239  0.68836297
 -0.12455582  0.35457032 -0.72808851  0.09990241  1.          0.18180208]
Best fitness: 0.155910

Iteration 2
========================================
Best position: [-0.74358349  0.47369565  0.59148552 -0.40367777  1.         -1.
 -0.61913689 -0.26728772 -0.2861214  -0.36401954  0.73491419  0.50488547
 -0.78213491 -1.         -0.61692504 -0.31583214  1.         -0.35612212
 -0.20771318 -0.18747136  0.2500923   0.27544265 -1.          1.
  0.98996989  0.56664096  0.48324058  0.04442928  0.64782609 -0.63356732
  1.         -0.24593946 -1.         -0.86564851  0.16069104 -0.21255389
 -0.27821885 -0.32501838 -0.79810185 -1.          1.         -0.87864291
 -0.57153896 -0.29305967 -0.30902701 -0.8355657   1.         -0.31014615
 -0.86651707 -0.0806365  -0.99096667  0.26791906  0.37363342 -0.58483574
 -1.          0.90467797 -0.42265518  1.         -0.69569359  0.39591249
 -1.         -0.54391966 -1.         -0.86919173 -0.96260325  1.
 -1.         -0.96107088 -0.99876163 -0.12851195 -0.3249186  -0.96689661
 -0.7639751   0.12446701 -0.35860287  0.00885584  0.6473078   0.23232845
 -0.79207348 -0.78459308  0.52082778  0.47571594 -0.40016607 -1.
  1.         -0.96251637  1.         -0.99888222  0.52636053 -0.19658215
 -0.83953155  0.82980274 -1.          0.29892753  1.          0.91495904
  0.66859352  0.62127047  0.01706301 -0.28386918  0.61336423 -1.
  1.         -1.         -0.85740891  0.80343085 -0.99871469 -0.18644321
 -0.14102648  0.8120051   0.60804384  0.52278896 -0.73392697 -1.
 -1.          0.37395394  0.56032991  1.         -0.8571168  -0.63566845
  0.8342674   0.14942192 -0.60833336  0.61809412 -0.2991421   1.
 -0.84769304 -1.          0.96814862 -0.95299655 -0.27772563 -0.41413843
 -0.70284615 -0.23394125  0.68336011 -0.9971719  -1.         -0.1006169
  0.45293833  0.07721236  0.5272567   0.81680816  0.34172269 -0.89163973
 -0.63177037 -0.4186184   0.21611106 -0.17440555  0.40741159 -0.60813307
  0.67398162  0.10636905 -0.18971228 -0.23159422  0.20131467 -1.
  0.8362258   0.48993864  0.90570042  1.         -0.95047063  0.13092226
  0.91456678 -0.12739535  1.          0.3064119   0.87583928  0.20023853
 -0.00294479  0.24357519  0.77204222  0.62789455  0.01397239  0.68836297
 -0.12455582  0.35457032 -0.72808851  0.09990241  1.          0.18180208]
Best fitness: 0.155910

Iteration 3
========================================
