Iteration 0
========================================
Best position: [-0.80764801 -0.19366775  1.         -0.11063552 -0.24261907  0.00688478
 -0.31298732  1.          0.37065246  0.14169855 -1.         -0.51957045
 -1.          0.77565378 -0.20445359 -0.05624171  0.09287541 -0.51356515
  1.         -1.          0.15879813 -0.04552916 -1.         -0.80727449
 -1.          0.31835083  0.93356643 -0.3243247  -0.7439132   0.63990966
  0.18386439 -0.04180701 -0.60135337  0.21409868 -1.         -0.59158982
 -1.         -0.70616785  0.23439465  0.09881556 -0.38650207 -0.4898467
  0.65518817 -0.53271729 -0.65876084 -1.          0.64053277 -0.35872557
  0.80912512 -0.79267586 -0.49287737 -0.2499257   0.94764781  0.34863872
  0.79246467 -0.0569859   0.28450649  0.51580584  0.44701982 -0.69189764
 -0.08684697 -1.         -1.          0.74951041 -0.40036804  0.73071862
 -0.46775068 -1.          0.10271289 -0.8274473   0.09377289  0.61246818
 -0.94908177  0.21301005 -0.03498141  0.72769471  0.05066543 -0.31443545]
Best fitness: 24.504453

Iteration 1
========================================
Best position: [-0.34466807  0.20597213  0.57322933  0.60938445 -0.57538452 -0.61166828
 -1.          0.81128533  0.56368919  0.56691264 -1.         -1.
 -1.         -0.44935759  0.33691486 -0.5705013  -1.         -1.
 -0.19007686 -0.99905991  0.1065967  -0.90070726 -1.         -0.20055213
  0.34660205  0.20451043  0.08640303 -0.07608551  0.06425493  0.87430421
  0.06399918  0.33889771 -0.3238242   0.20970887  1.         -0.41301286
  0.48572884 -0.50664074  0.14877175 -0.91810157 -0.37725104  0.63885384
  0.30647106 -0.29077779  0.51089206 -0.26682768 -0.16353104 -0.29778106
  1.         -0.79910431 -0.33762806 -0.440558    0.58691904 -0.25189953
  0.54697512 -0.25691273 -0.67914437 -0.58785258 -0.81434407  0.62953976
 -0.25738968 -0.72346875  0.77222135  0.47278988 -1.          0.2983985
 -0.30542336  0.48301745 -0.93816778  0.2336968   0.39624668  0.06439416
 -1.         -0.15662169 -0.43795428 -0.19066876  0.16481721  0.42958806]
Best fitness: 16.458307

Iteration 2
========================================
Best position: [-0.74700319 -0.0026097   0.77276818  1.         -0.90721451 -0.88281225
 -0.50568703  0.9016888  -0.05806801  0.53268217 -1.         -0.71008205
 -0.66011316 -1.         -0.07011817 -0.58347094 -1.         -1.
  1.         -0.86733647 -0.23332159 -1.         -0.574307    0.15245663
  0.72617616 -0.16096065 -0.39390686  0.30208444 -0.58265681  1.
 -0.72494185  0.57128093 -0.09533779  0.24462372  0.62180128  0.59733462
  0.23577414 -0.26407153 -0.005271   -0.92199089 -0.03587922 -0.83979117
  0.25199134 -0.30964179  0.16085018 -1.         -0.25796653 -0.8315953
 -0.60809613 -0.09671412 -0.89574975 -0.89960841  0.77358315  0.02550607
  0.96066172  0.28722603 -0.40848552 -0.60762299 -1.          1.
 -0.11214661 -1.          0.13619677  0.91099796 -1.          0.73123031
 -0.38649716  0.14812977 -1.          0.49987707  0.03996682 -0.02810956
 -1.         -0.15972725 -0.88246308  0.26304899  0.67659696 -0.11608029]
Best fitness: 14.318452

Iteration 3
========================================
Best position: [-0.09051703  0.91266445  0.9626205   0.78791972  0.10072047 -0.40593129
 -0.90769448  1.         -0.79361475  1.         -0.097056   -0.82620366
 -0.24129186 -0.13984344  0.39896462 -1.         -1.         -1.
  0.39638916 -0.53686159  0.92426427 -1.         -1.          0.45681625
  0.73976826 -0.29781873  0.3380514   0.97939882 -0.05149612  1.
  0.66746282  0.4387362  -0.44626617  0.25719228  1.          0.03871364
  0.38067413 -0.59752756 -0.7621667  -0.93465898  0.93643118  0.49064881
  0.025227   -0.07773912  0.52301962 -0.90722316  0.53433287 -0.02370995
 -0.2282046  -0.62808865 -0.94159224 -0.66296044  1.          0.23852698
  0.67329311  0.90412677  0.28551557 -1.         -0.79766887  1.
 -0.31038751 -1.          0.89113326  1.         -1.          0.50141704
 -1.         -0.34935516 -1.         -0.06027     0.72991157  0.22093487
 -0.64413208 -0.05390199  0.07780791 -0.24204449  0.48460348  0.99785834]
Best fitness: -11.083292

Iteration 4
========================================
Best position: [-0.5455143   0.86509976  1.         -0.26025481 -0.41475347 -0.12217286
 -1.          1.         -0.28365562  0.60045356 -0.8508584  -0.93704181
 -0.70235403 -0.55215899  0.75573874 -1.          0.41731051 -1.
 -0.06633373 -0.57597165  0.47986979  0.12547694 -1.         -0.16090206
  0.90664821  0.2603205   0.6601157   0.01986382 -0.06597834  1.
  0.7370057   0.5401881   0.1308439   0.38482047  1.         -0.14170943
  0.7676052  -0.76035406 -0.9882714  -1.          0.23450338  0.349736
  0.20321126 -0.71062138  0.89591504 -0.76985873  0.70982415  0.10848716
  0.51106763 -0.71268293 -0.88641157 -0.52104866  0.88399508 -0.77696242
  0.3106952   0.4543845   0.22960339 -1.         -0.60128013  0.66558858
 -0.91484545 -0.68429701  1.          1.         -1.          1.
 -0.74239446 -0.29772097 -1.         -0.33590082  0.645631    0.50614245
 -0.97781955  0.02358634 -0.34716887  0.00458456  1.          0.94823239]
Best fitness: -12.648588

Iteration 5
========================================
Best position: [-0.17174911  0.76430438  1.          0.09411757  0.30731089 -0.2108946
 -1.          0.94658413 -0.7587849   0.98912931 -0.57681923 -0.98567472
 -0.67479325  0.08111891  0.81795919 -1.          0.24334164 -1.
  0.3466728  -0.88627344  0.9929778   0.04084522 -1.         -0.5259003
  0.60308032 -0.17795624  1.          0.95415193  0.08415481  1.
  1.          1.         -0.05305312  0.27752232 -0.76712459  0.12154
  0.75180072 -1.         -0.87487931 -0.99313482  0.36483582  0.09883042
 -0.62184993 -0.7640928  -0.25024537 -0.60153948  0.51381247  0.78220636
 -0.43284429 -0.526769   -1.         -0.93141089  0.88941315 -0.04217625
  0.86929119  0.89260537  0.83483519 -0.97303511 -0.13968529  1.
  0.20891357 -0.57624502  1.          1.         -1.          1.
 -1.         -0.21879943 -0.72222227 -0.2976532   0.65298967  0.33670962
 -1.          0.13961255  0.3081951  -0.00265495  0.95126131  1.        ]
Best fitness: -17.517586

Iteration 6
========================================
Best position: [ 0.27331621  1.          0.96697647  0.68754062  0.34151646 -0.65888449
 -1.          0.95834433 -0.64403873  1.         -1.         -0.98798931
 -0.64549565 -0.35914343 -0.07379136 -1.         -0.17607613 -0.74881595
 -0.43671763 -0.82343766  1.          0.08748265 -1.         -0.6672208
  0.83980857 -0.16576814  0.70357811  0.81858331 -0.74729954  1.
  0.98806361  0.85057141 -0.17525437  0.04372042  1.         -0.00657864
  0.74121138 -0.88005635 -0.54183388 -0.3869967   0.60729809  0.91946393
 -0.51966828 -0.01221796 -1.         -0.58331801  0.53030109  0.50331763
  0.79967812 -0.90851557 -1.         -0.95864095  0.93920501 -0.06367467
  0.87264651  0.79467116  0.28270433 -0.74013849 -0.91424616  0.17237451
  0.74632185 -0.95467981  1.          1.         -1.          0.43009539
 -1.          0.2373716  -0.37903271 -0.16818573  0.28755466  0.7370955
 -1.         -0.1831625   0.33930042  0.27180908  0.64459043  1.        ]
Best fitness: -22.133242

Iteration 7
========================================
Best position: [-0.64572134  0.97543331  1.          0.62372388  0.25334662 -0.61463873
 -1.          0.8927702  -0.84625558  0.8052316  -0.914157   -0.99632626
 -0.47512585 -0.51580261  0.15505385 -0.89224602 -0.03542213 -0.90121174
  0.06946368 -0.80254925  0.88602162  0.28944189 -1.         -1.
 -0.17923434 -1.          1.          0.89503236 -1.          0.84016157
  0.74433871  1.         -0.06306448 -0.19854252  0.69721273  0.13680057
  0.8955377  -0.96026671  0.01407494 -0.70699441  0.98128304  0.55844373
 -0.7890305  -0.1859871  -1.         -0.46361485  0.84976119 -0.38257662
  0.97810009 -0.75501523 -1.         -1.          0.99259635 -0.51462546
  1.          1.          0.43568496 -0.53517626 -0.18948239 -0.28027922
  0.06568617 -1.          0.99966094  1.         -0.83630882  1.
 -1.          0.32025901 -0.07635212 -0.43953289  0.69147265  0.79822938
 -1.          0.00197962  0.39875377  0.26615029  0.82428579  0.93329276]
Best fitness: -26.287599

Iteration 8
========================================
Best position: [-0.79784537  1.          0.45636838  0.87465653 -0.33426254 -0.24744999
 -1.          0.95214926 -0.92018251  0.86042933 -0.95480766 -0.99745356
 -0.55354203 -0.96669297  0.64869645 -1.         -0.48297076 -0.81619225
 -0.24373024 -1.          0.97303853 -0.75127773 -1.          0.24561655
  0.79271698 -0.74688085  1.          0.66432858 -1.          1.
  1.          0.32993664 -0.18611635  0.75763393  0.95420524 -0.17099557
 -0.07910353 -0.99540591 -1.         -0.68714058  0.98994882  0.93193139
  0.00309582 -0.64699426 -0.85243485 -1.          1.          0.25639477
  1.         -0.4303343  -1.         -1.          0.42979849 -0.05303714
  1.          1.          0.41264767 -0.87388588 -0.45558754  0.31986859
  0.23639116  0.73381293  0.99984835  1.         -0.89889534  1.
 -1.          0.21822471 -0.07770811 -0.2216486   0.69865902  0.13140647
 -1.          0.2522529  -0.02102067 -0.33212541  0.91526197  0.94637398]
Best fitness: -33.678863

Iteration 9
========================================
Best position: [-0.79784537  1.          0.45636838  0.87465653 -0.33426254 -0.24744999
 -1.          0.95214926 -0.92018251  0.86042933 -0.95480766 -0.99745356
 -0.55354203 -0.96669297  0.64869645 -1.         -0.48297076 -0.81619225
 -0.24373024 -1.          0.97303853 -0.75127773 -1.          0.24561655
  0.79271698 -0.74688085  1.          0.66432858 -1.          1.
  1.          0.32993664 -0.18611635  0.75763393  0.95420524 -0.17099557
 -0.07910353 -0.99540591 -1.         -0.68714058  0.98994882  0.93193139
  0.00309582 -0.64699426 -0.85243485 -1.          1.          0.25639477
  1.         -0.4303343  -1.         -1.          0.42979849 -0.05303714
  1.          1.          0.41264767 -0.87388588 -0.45558754  0.31986859
  0.23639116  0.73381293  0.99984835  1.         -0.89889534  1.
 -1.          0.21822471 -0.07770811 -0.2216486   0.69865902  0.13140647
 -1.          0.2522529  -0.02102067 -0.33212541  0.91526197  0.94637398]
Best fitness: -33.678863

Iteration 10
========================================
Best position: [-0.75739161  1.          0.30358933  0.83599866 -0.58392762 -0.85121361
 -1.          0.91738129 -1.          0.85573033 -0.8529814  -0.99622462
 -0.96416295 -1.          1.         -0.97597451  0.03182931 -0.88324702
 -0.59045946 -0.83751889  0.8787923  -1.         -1.          0.20818566
 -0.08041555 -0.97528981  1.          0.88262767 -1.          0.88919034
  1.          0.68836475 -0.03807814  0.35647729  0.96193875 -0.08522463
  0.56929484 -0.98116568 -0.94588198 -0.85928226  1.          0.95787424
 -0.53343167 -0.12930777 -0.88115975 -1.          0.94779499 -0.37904361
  0.78049375 -0.98395324 -1.         -1.          0.8508141  -0.2667642
  1.          1.          0.62018628 -1.         -0.72408663  0.23535141
 -0.09548788  0.11564881  0.98032872  1.         -0.829212    1.
 -1.          0.45830433 -0.03764207 -0.27848228  0.55439714  0.52545172
 -0.98188766  0.23907815 -0.05959902 -0.50527253  0.89236676  0.99288472]
Best fitness: -37.096130

Iteration 11
========================================
Best position: [-0.94094881  1.          0.42275602  0.97484984 -0.1656925  -0.7754636
 -1.          0.86868643 -0.99144685  0.75398171 -0.90943262 -0.99596388
 -0.41492801 -0.89500488  0.63925878 -0.99682183 -0.69889412 -0.78085459
 -0.33814211 -0.87361717  0.67427626 -0.9452293  -0.91032574  0.65484209
  0.33422157 -0.98280727  0.93173595  0.59930534 -1.          0.85560437
  0.92341446  0.74669844 -0.07984189  0.30014987  0.96164002  0.09643135
 -0.34821302 -0.98715288 -0.82123761 -0.63038006  0.98964461  0.91330922
 -0.04298422 -0.33285217 -0.36725181 -0.98911655  0.92644309 -1.
  0.57628969 -1.         -1.         -1.          0.19354084 -0.00980003
  0.96970091  1.          0.47419332 -0.82998627 -0.72875893 -0.56335604
  0.74622345  0.59420128  0.98529156  1.         -0.81272333  0.90894002
 -1.          0.67385202 -0.33825772 -0.26013496  0.5619442   0.13443309
 -1.          0.15582846 -0.20771497 -0.02633782  0.88037007  0.9231457 ]
Best fitness: -41.539359

Iteration 12
========================================
Best position: [-0.76732098  1.          0.32232131  0.98391084 -0.53096446 -0.57539665
 -1.          0.30812963 -0.99341808  0.88773585 -0.82843105 -0.99565056
 -0.61485908 -0.94970962  0.60322723 -0.98922881 -0.19517732 -0.71178493
 -0.77879015 -0.84819051  0.6674235  -0.90738449 -0.96508134  0.09272287
  0.54670313 -1.          0.8965585   0.75664002 -0.87084743  0.88001924
  0.99683414  0.68532902  0.11372277 -0.00674317  0.80629502 -0.14061893
 -0.00495741 -0.98079634 -0.82850921 -0.71640747  0.48293643  1.
 -0.24564868 -0.38867902 -1.         -0.99724847  0.59658414 -0.96899492
  0.61370024 -1.         -1.         -0.86025802  0.81378155  0.22253761
  0.97260715  0.95849769  0.4399174  -0.84889917 -0.71905755 -0.41171482
  0.73812973  0.1401385   0.98790669  1.         -0.80380038  0.96745584
 -1.          0.38888044 -0.27693244 -0.20835449  0.25467746  0.34603658
 -0.99003807  0.25839914 -0.07007546  0.11761089  0.82309942  0.9295248 ]
Best fitness: -44.297988

Iteration 13
========================================
Best position: [-0.67698811  1.          0.19446422  0.99346124 -0.43239079 -0.61947679
 -1.          0.13147324 -0.99160765  0.89738842 -0.80481415 -0.99437547
 -0.3629648  -0.99919229  0.60292352 -0.98574492  0.3093476  -0.65858977
 -1.         -0.82682378  0.54173596 -0.93038401 -0.92271539  0.28046127
  0.52259564 -1.          0.92339181  0.82268904 -1.          0.85579789
  0.88691536  0.26819936  0.19273982  0.07648665  0.76064553 -0.24853826
 -0.16361335 -0.97833866 -0.85428513 -0.71980481  0.31403383  0.65026946
 -0.05060116 -0.34825056 -1.         -0.9312229   0.59268729 -1.
  0.7978805  -0.9584116  -1.         -0.92938431  0.77940244  0.25086604
  0.97871899  0.9460656   0.21719996 -0.8269479  -0.83731256 -0.63844306
  0.70487571  0.19091835  0.98672607  1.         -0.79201014  0.98604094
 -1.          0.1884802  -0.40752985 -0.16896071  0.6230037   0.37478534
 -0.99099472  0.23161621 -0.30378432  0.39102796  0.86866653  0.93513456]
Best fitness: -48.093712

Iteration 14
========================================
Best position: [-0.67698811  1.          0.19446422  0.99346124 -0.43239079 -0.61947679
 -1.          0.13147324 -0.99160765  0.89738842 -0.80481415 -0.99437547
 -0.3629648  -0.99919229  0.60292352 -0.98574492  0.3093476  -0.65858977
 -1.         -0.82682378  0.54173596 -0.93038401 -0.92271539  0.28046127
  0.52259564 -1.          0.92339181  0.82268904 -1.          0.85579789
  0.88691536  0.26819936  0.19273982  0.07648665  0.76064553 -0.24853826
 -0.16361335 -0.97833866 -0.85428513 -0.71980481  0.31403383  0.65026946
 -0.05060116 -0.34825056 -1.         -0.9312229   0.59268729 -1.
  0.7978805  -0.9584116  -1.         -0.92938431  0.77940244  0.25086604
  0.97871899  0.9460656   0.21719996 -0.8269479  -0.83731256 -0.63844306
  0.70487571  0.19091835  0.98672607  1.         -0.79201014  0.98604094
 -1.          0.1884802  -0.40752985 -0.16896071  0.6230037   0.37478534
 -0.99099472  0.23161621 -0.30378432  0.39102796  0.86866653  0.93513456]
Best fitness: -48.093712

Iteration 15
========================================
Best position: [-0.67698811  1.          0.19446422  0.99346124 -0.43239079 -0.61947679
 -1.          0.13147324 -0.99160765  0.89738842 -0.80481415 -0.99437547
 -0.3629648  -0.99919229  0.60292352 -0.98574492  0.3093476  -0.65858977
 -1.         -0.82682378  0.54173596 -0.93038401 -0.92271539  0.28046127
  0.52259564 -1.          0.92339181  0.82268904 -1.          0.85579789
  0.88691536  0.26819936  0.19273982  0.07648665  0.76064553 -0.24853826
 -0.16361335 -0.97833866 -0.85428513 -0.71980481  0.31403383  0.65026946
 -0.05060116 -0.34825056 -1.         -0.9312229   0.59268729 -1.
  0.7978805  -0.9584116  -1.         -0.92938431  0.77940244  0.25086604
  0.97871899  0.9460656   0.21719996 -0.8269479  -0.83731256 -0.63844306
  0.70487571  0.19091835  0.98672607  1.         -0.79201014  0.98604094
 -1.          0.1884802  -0.40752985 -0.16896071  0.6230037   0.37478534
 -0.99099472  0.23161621 -0.30378432  0.39102796  0.86866653  0.93513456]
Best fitness: -48.093712

Iteration 16
========================================
Best position: [-0.84161614  1.          0.3426936   0.91828234  0.13737356 -0.57839009
 -1.          0.6052862  -0.99841026  0.85622323 -0.81179244 -0.99589374
 -0.64532734 -0.99936944  0.78585055 -0.98360628  0.55228126 -0.67004612
 -0.72427696 -0.85010262  0.40374298 -0.20462536 -0.92927077  0.55680072
  0.89007156 -0.98657288  0.90491499  0.87718929 -1.          0.97120299
  0.26428329  0.21369791 -0.030107   -0.02191321  0.81014577 -0.63367071
  0.20451033 -0.97847804 -0.76756207 -0.56215696  0.67521154  0.5865445
  0.29190378 -0.31321212 -1.         -0.75240336  0.60166789 -0.9779199
  0.89718477 -0.91103049 -1.         -0.96482859  0.80744176  0.14353473
  0.97869104  0.96213779  0.59702276 -0.82348173 -0.94083252 -0.64706807
  0.68687022  0.39694381  0.9789304   1.         -0.93501394  0.78206958
 -1.          0.02190791 -0.71641553 -0.17127036  0.69238134  0.25486385
 -0.99230676  0.17363427 -0.23675514  0.0437377   0.74342428  0.93816137]
Best fitness: -53.669498

Iteration 17
========================================
Best position: [-0.84161614  1.          0.3426936   0.91828234  0.13737356 -0.57839009
 -1.          0.6052862  -0.99841026  0.85622323 -0.81179244 -0.99589374
 -0.64532734 -0.99936944  0.78585055 -0.98360628  0.55228126 -0.67004612
 -0.72427696 -0.85010262  0.40374298 -0.20462536 -0.92927077  0.55680072
  0.89007156 -0.98657288  0.90491499  0.87718929 -1.          0.97120299
  0.26428329  0.21369791 -0.030107   -0.02191321  0.81014577 -0.63367071
  0.20451033 -0.97847804 -0.76756207 -0.56215696  0.67521154  0.5865445
  0.29190378 -0.31321212 -1.         -0.75240336  0.60166789 -0.9779199
  0.89718477 -0.91103049 -1.         -0.96482859  0.80744176  0.14353473
  0.97869104  0.96213779  0.59702276 -0.82348173 -0.94083252 -0.64706807
  0.68687022  0.39694381  0.9789304   1.         -0.93501394  0.78206958
 -1.          0.02190791 -0.71641553 -0.17127036  0.69238134  0.25486385
 -0.99230676  0.17363427 -0.23675514  0.0437377   0.74342428  0.93816137]
Best fitness: -53.669498

Iteration 18
========================================
Best position: [-0.84161614  1.          0.3426936   0.91828234  0.13737356 -0.57839009
 -1.          0.6052862  -0.99841026  0.85622323 -0.81179244 -0.99589374
 -0.64532734 -0.99936944  0.78585055 -0.98360628  0.55228126 -0.67004612
 -0.72427696 -0.85010262  0.40374298 -0.20462536 -0.92927077  0.55680072
  0.89007156 -0.98657288  0.90491499  0.87718929 -1.          0.97120299
  0.26428329  0.21369791 -0.030107   -0.02191321  0.81014577 -0.63367071
  0.20451033 -0.97847804 -0.76756207 -0.56215696  0.67521154  0.5865445
  0.29190378 -0.31321212 -1.         -0.75240336  0.60166789 -0.9779199
  0.89718477 -0.91103049 -1.         -0.96482859  0.80744176  0.14353473
  0.97869104  0.96213779  0.59702276 -0.82348173 -0.94083252 -0.64706807
  0.68687022  0.39694381  0.9789304   1.         -0.93501394  0.78206958
 -1.          0.02190791 -0.71641553 -0.17127036  0.69238134  0.25486385
 -0.99230676  0.17363427 -0.23675514  0.0437377   0.74342428  0.93816137]
Best fitness: -53.669498

Iteration 19
========================================
Best position: [-0.84161614  1.          0.3426936   0.91828234  0.13737356 -0.57839009
 -1.          0.6052862  -0.99841026  0.85622323 -0.81179244 -0.99589374
 -0.64532734 -0.99936944  0.78585055 -0.98360628  0.55228126 -0.67004612
 -0.72427696 -0.85010262  0.40374298 -0.20462536 -0.92927077  0.55680072
  0.89007156 -0.98657288  0.90491499  0.87718929 -1.          0.97120299
  0.26428329  0.21369791 -0.030107   -0.02191321  0.81014577 -0.63367071
  0.20451033 -0.97847804 -0.76756207 -0.56215696  0.67521154  0.5865445
  0.29190378 -0.31321212 -1.         -0.75240336  0.60166789 -0.9779199
  0.89718477 -0.91103049 -1.         -0.96482859  0.80744176  0.14353473
  0.97869104  0.96213779  0.59702276 -0.82348173 -0.94083252 -0.64706807
  0.68687022  0.39694381  0.9789304   1.         -0.93501394  0.78206958
 -1.          0.02190791 -0.71641553 -0.17127036  0.69238134  0.25486385
 -0.99230676  0.17363427 -0.23675514  0.0437377   0.74342428  0.93816137]
Best fitness: -53.669498

Iteration 20
========================================
Best position: [-0.84161614  1.          0.3426936   0.91828234  0.13737356 -0.57839009
 -1.          0.6052862  -0.99841026  0.85622323 -0.81179244 -0.99589374
 -0.64532734 -0.99936944  0.78585055 -0.98360628  0.55228126 -0.67004612
 -0.72427696 -0.85010262  0.40374298 -0.20462536 -0.92927077  0.55680072
  0.89007156 -0.98657288  0.90491499  0.87718929 -1.          0.97120299
  0.26428329  0.21369791 -0.030107   -0.02191321  0.81014577 -0.63367071
  0.20451033 -0.97847804 -0.76756207 -0.56215696  0.67521154  0.5865445
  0.29190378 -0.31321212 -1.         -0.75240336  0.60166789 -0.9779199
  0.89718477 -0.91103049 -1.         -0.96482859  0.80744176  0.14353473
  0.97869104  0.96213779  0.59702276 -0.82348173 -0.94083252 -0.64706807
  0.68687022  0.39694381  0.9789304   1.         -0.93501394  0.78206958
 -1.          0.02190791 -0.71641553 -0.17127036  0.69238134  0.25486385
 -0.99230676  0.17363427 -0.23675514  0.0437377   0.74342428  0.93816137]
Best fitness: -53.669498

Iteration 21
========================================
Best position: [-0.84161614  1.          0.3426936   0.91828234  0.13737356 -0.57839009
 -1.          0.6052862  -0.99841026  0.85622323 -0.81179244 -0.99589374
 -0.64532734 -0.99936944  0.78585055 -0.98360628  0.55228126 -0.67004612
 -0.72427696 -0.85010262  0.40374298 -0.20462536 -0.92927077  0.55680072
  0.89007156 -0.98657288  0.90491499  0.87718929 -1.          0.97120299
  0.26428329  0.21369791 -0.030107   -0.02191321  0.81014577 -0.63367071
  0.20451033 -0.97847804 -0.76756207 -0.56215696  0.67521154  0.5865445
  0.29190378 -0.31321212 -1.         -0.75240336  0.60166789 -0.9779199
  0.89718477 -0.91103049 -1.         -0.96482859  0.80744176  0.14353473
  0.97869104  0.96213779  0.59702276 -0.82348173 -0.94083252 -0.64706807
  0.68687022  0.39694381  0.9789304   1.         -0.93501394  0.78206958
 -1.          0.02190791 -0.71641553 -0.17127036  0.69238134  0.25486385
 -0.99230676  0.17363427 -0.23675514  0.0437377   0.74342428  0.93816137]
Best fitness: -53.669498

Iteration 22
========================================
Best position: [-0.74441889  1.          0.22879301  0.90735874  0.12362004 -0.68242964
 -1.          1.         -1.          0.79609462 -0.8709148  -0.99495558
 -0.6864239  -0.99906189  1.         -0.98593511  0.57688574 -0.69075721
 -0.52695035 -0.85233262  0.42191748  0.13312025 -0.92164615  0.69008496
  0.92592146 -0.98702834  0.90219209  0.88790227 -0.87163926  0.96667986
  0.72704164  0.17380218 -0.70944962 -0.25358536  0.78793725 -0.62249497
 -0.11359983 -0.97895143 -0.76873203 -0.53169129  0.55858431  0.43689458
  0.25597756 -0.35545092 -1.         -0.8386415   0.61253847 -0.97719225
  0.68151577 -0.89311154 -1.         -0.99646186  0.8185277   0.498232
  0.97602286  0.96725383  0.72887314 -0.81791585 -0.80543556 -0.47533007
  0.56219057  0.64746295  0.97813464  1.         -0.87047723  0.84962615
 -1.         -0.06609683 -0.53464869 -0.13940648  0.59350162  0.26691492
 -0.98905815  0.35506908 -0.15434808 -0.05686287  0.74999716  0.94784598]
Best fitness: -57.577505

Iteration 23
========================================
Best position: [-0.67024489  1.          0.23927481  0.8384402   0.29765394 -0.76396431
 -1.          1.         -1.          0.70337409 -0.99643767 -0.99491258
 -0.7833241  -1.          1.         -0.9881379   0.46390224 -0.73913223
 -0.5530305  -0.87742625  0.42552976  0.43651793 -0.94980184  0.73546741
  0.86602075 -0.981654    0.8835165   0.87938363 -0.94879297  0.9706029
  0.79915385  0.20628155 -0.94759503 -0.4732975   0.91461052 -0.76249592
 -0.12792646 -0.97800913 -0.79603666 -0.55550806  0.64968492  0.24661761
  0.16671293 -0.38696222 -1.         -0.84365672  0.67332596 -0.96907345
  0.82300413 -0.84845978 -1.         -0.99781512  0.86870603  0.2585731
  0.97732793  0.98784201  0.79619778 -0.79621438 -0.79809292 -0.71088209
  0.71665777  0.73159585  0.98342551  1.         -0.90768159  0.79434972
 -1.          0.16936449 -0.5413746  -0.14500713  0.66283089  0.30919167
 -0.99216829 -0.00943095 -0.22517927 -0.19813104  0.75199128  0.94692694]
Best fitness: -60.906150

Iteration 24
========================================
Best position: [-0.49350506  1.          0.28937251  0.88451129 -0.08452264 -0.6404926
 -1.          1.         -0.99776727  0.74490935 -0.98619146 -0.99480697
 -0.86966024 -0.99845548  0.85483521 -0.97817785  0.49755993 -0.84246014
 -0.47239985 -0.88458879  0.38954096  0.43139321 -0.95605755  0.96646977
  0.84281386 -0.99625651  0.86148305  0.94607036 -0.8751355   0.94434937
  1.          0.11884217 -1.         -0.50376691  0.93697328 -0.85577795
  0.21160433 -0.98109851 -0.70801882 -0.56493514  0.70996928  0.36105087
  0.25261405 -0.34290403 -0.99776773 -0.82185797  0.68353468 -0.96230034
  0.76823941 -0.86922161 -1.         -0.96505163  0.85429155  0.24062646
  0.9826982   0.99350758  0.88556442 -0.70422598 -0.87003004 -0.64045785
  0.67772513  0.69995632  0.98553138  1.         -0.88127025  0.73674746
 -0.99789816  0.23510154 -0.57241642 -0.06029771  0.71210228  0.47484758
 -0.99185184 -0.05706036 -0.20419282  0.39556638  0.69465174  0.94058683]
Best fitness: -63.961827

Iteration 25
========================================
Best position: [-0.5379363   1.          0.30075611  0.7930077   0.32963257 -0.89281867
 -1.          1.         -0.99844973  0.74851493 -0.99573828 -0.99400411
 -0.94360932 -0.9994438   0.88758874 -0.98717747  0.95632487 -0.77687991
 -0.45344102 -0.89164495  0.46208346  1.         -0.95546561  0.54972638
  0.83629776 -0.98326905  0.86891264  0.8606177  -0.85454459  0.93726009
  0.92458954 -0.03615064 -1.         -0.90209097  0.97353373 -0.80045005
  0.40110961 -0.98197401 -0.75330628 -0.49286207  0.89217084  0.42704184
  0.20373313 -0.40691594 -0.99979776 -0.77733603  0.58850244 -0.96039707
  0.66932982 -0.82667378 -1.         -0.97366477  0.66648075  0.40915901
  0.98019437  0.99626669  1.         -0.69720579 -0.90962904 -0.61803777
  0.71060423  0.71846663  0.98374856  1.         -0.95239548  0.71432876
 -0.99963231  0.22225667 -0.54617346  0.04508673  0.66368702  0.40269462
 -0.98826178  0.15229521 -0.15154089  0.05306821  0.69607455  0.91233908]
Best fitness: -67.722381

Iteration 26
========================================
Best position: [-0.5379363   1.          0.30075611  0.7930077   0.32963257 -0.89281867
 -1.          1.         -0.99844973  0.74851493 -0.99573828 -0.99400411
 -0.94360932 -0.9994438   0.88758874 -0.98717747  0.95632487 -0.77687991
 -0.45344102 -0.89164495  0.46208346  1.         -0.95546561  0.54972638
  0.83629776 -0.98326905  0.86891264  0.8606177  -0.85454459  0.93726009
  0.92458954 -0.03615064 -1.         -0.90209097  0.97353373 -0.80045005
  0.40110961 -0.98197401 -0.75330628 -0.49286207  0.89217084  0.42704184
  0.20373313 -0.40691594 -0.99979776 -0.77733603  0.58850244 -0.96039707
  0.66932982 -0.82667378 -1.         -0.97366477  0.66648075  0.40915901
  0.98019437  0.99626669  1.         -0.69720579 -0.90962904 -0.61803777
  0.71060423  0.71846663  0.98374856  1.         -0.95239548  0.71432876
 -0.99963231  0.22225667 -0.54617346  0.04508673  0.66368702  0.40269462
 -0.98826178  0.15229521 -0.15154089  0.05306821  0.69607455  0.91233908]
Best fitness: -67.722381

Iteration 27
========================================
Best position: [-0.52610893  1.          0.34833076  0.88721729  0.21282802 -0.91054988
 -1.          0.82983824 -0.99862231  0.66962537 -1.         -0.99398244
 -0.84566468 -0.99984857  0.77374754 -0.99401813  0.28760214 -0.7495682
 -0.69874525 -0.9024815   0.33009795  0.83141907 -0.9692554   0.79188138
  0.8033142  -0.97275962  0.9360342   0.8385223  -0.917055    1.
  1.          0.33939423 -1.         -0.7941178   1.         -0.80627022
  0.25936779 -0.97974604 -0.4718584  -0.02730921  0.6018049   0.25768941
  0.28232528 -0.38579569 -0.99996885 -0.79598287  0.53214076 -0.96706042
  0.63239237 -0.83928749 -1.         -0.91417132  0.80683439  0.60004007
  0.97835136  1.          0.89510418 -0.66145047 -0.90070083 -0.86116746
  0.7599822   0.91204209  0.98471057  1.         -0.91006018  0.7155497
 -0.99979474  0.11573667 -0.62411497 -0.05544608  0.76997893  0.35301819
 -0.9935989   0.28327229 -0.17576745 -0.07678355  0.71132281  0.94158005]
Best fitness: -72.117592

Iteration 28
========================================
Best position: [-0.52610893  1.          0.34833076  0.88721729  0.21282802 -0.91054988
 -1.          0.82983824 -0.99862231  0.66962537 -1.         -0.99398244
 -0.84566468 -0.99984857  0.77374754 -0.99401813  0.28760214 -0.7495682
 -0.69874525 -0.9024815   0.33009795  0.83141907 -0.9692554   0.79188138
  0.8033142  -0.97275962  0.9360342   0.8385223  -0.917055    1.
  1.          0.33939423 -1.         -0.7941178   1.         -0.80627022
  0.25936779 -0.97974604 -0.4718584  -0.02730921  0.6018049   0.25768941
  0.28232528 -0.38579569 -0.99996885 -0.79598287  0.53214076 -0.96706042
  0.63239237 -0.83928749 -1.         -0.91417132  0.80683439  0.60004007
  0.97835136  1.          0.89510418 -0.66145047 -0.90070083 -0.86116746
  0.7599822   0.91204209  0.98471057  1.         -0.91006018  0.7155497
 -0.99979474  0.11573667 -0.62411497 -0.05544608  0.76997893  0.35301819
 -0.9935989   0.28327229 -0.17576745 -0.07678355  0.71132281  0.94158005]
Best fitness: -72.117592

Iteration 29
========================================
Best position: [-0.41490255  1.         -0.17194576  0.74739342  0.31688474 -0.9887315
 -1.          0.9624872  -0.99804684  0.69017077 -1.         -0.99436922
 -0.97504771 -0.99968856  0.77801147 -0.9870988   0.69333491 -0.71116612
 -0.20469049 -0.94130893  0.43234662  1.         -0.98027895  0.8346525
  0.8291094  -0.97676071  0.92650499  0.80739156 -0.89487289  0.98276311
  1.          0.0610161  -1.         -0.90313876  1.         -0.6499013
  0.15597063 -0.98097645 -0.48283074 -0.10595165  0.3697575   0.31852546
  0.2617693  -0.21002844 -0.99991125 -0.92841214  0.48961767 -0.98083201
  0.35640268 -0.79517614 -1.         -0.98661013  0.7383768   0.64968613
  0.96574081  1.          0.9815118  -0.68278754 -0.88369817 -0.85070635
  0.74568225  1.          0.96787376  1.         -0.93489125  0.67797929
 -0.99989293  0.20800866 -0.58020302 -0.07717996  0.67558272  0.52774001
 -0.98521718  0.21291657 -0.08751579 -0.19676459  0.78645373  0.92231142]
Best fitness: -72.699348

Iteration 30
========================================
Best position: [-0.41490255  1.         -0.17194576  0.74739342  0.31688474 -0.9887315
 -1.          0.9624872  -0.99804684  0.69017077 -1.         -0.99436922
 -0.97504771 -0.99968856  0.77801147 -0.9870988   0.69333491 -0.71116612
 -0.20469049 -0.94130893  0.43234662  1.         -0.98027895  0.8346525
  0.8291094  -0.97676071  0.92650499  0.80739156 -0.89487289  0.98276311
  1.          0.0610161  -1.         -0.90313876  1.         -0.6499013
  0.15597063 -0.98097645 -0.48283074 -0.10595165  0.3697575   0.31852546
  0.2617693  -0.21002844 -0.99991125 -0.92841214  0.48961767 -0.98083201
  0.35640268 -0.79517614 -1.         -0.98661013  0.7383768   0.64968613
  0.96574081  1.          0.9815118  -0.68278754 -0.88369817 -0.85070635
  0.74568225  1.          0.96787376  1.         -0.93489125  0.67797929
 -0.99989293  0.20800866 -0.58020302 -0.07717996  0.67558272  0.52774001
 -0.98521718  0.21291657 -0.08751579 -0.19676459  0.78645373  0.92231142]
Best fitness: -72.699348

Iteration 31
========================================
Best position: [-0.41490255  1.         -0.17194576  0.74739342  0.31688474 -0.9887315
 -1.          0.9624872  -0.99804684  0.69017077 -1.         -0.99436922
 -0.97504771 -0.99968856  0.77801147 -0.9870988   0.69333491 -0.71116612
 -0.20469049 -0.94130893  0.43234662  1.         -0.98027895  0.8346525
  0.8291094  -0.97676071  0.92650499  0.80739156 -0.89487289  0.98276311
  1.          0.0610161  -1.         -0.90313876  1.         -0.6499013
  0.15597063 -0.98097645 -0.48283074 -0.10595165  0.3697575   0.31852546
  0.2617693  -0.21002844 -0.99991125 -0.92841214  0.48961767 -0.98083201
  0.35640268 -0.79517614 -1.         -0.98661013  0.7383768   0.64968613
  0.96574081  1.          0.9815118  -0.68278754 -0.88369817 -0.85070635
  0.74568225  1.          0.96787376  1.         -0.93489125  0.67797929
 -0.99989293  0.20800866 -0.58020302 -0.07717996  0.67558272  0.52774001
 -0.98521718  0.21291657 -0.08751579 -0.19676459  0.78645373  0.92231142]
Best fitness: -72.699348

Iteration 32
========================================
Best position: [-0.43536143  1.          0.45033879  0.89384155  0.58361989 -1.
 -1.          0.87794819 -0.99794185  0.48450912 -1.         -0.99145099
 -0.84878259 -0.99981415  0.56257028 -0.99465562  0.3742458  -0.79433081
 -0.82518284 -0.90814776  0.49920958  0.91803843 -0.99730126  0.87514495
  0.81824037 -0.96763716  0.87831605  0.76957842 -0.8887342   1.
  1.          0.24537234 -1.         -0.85515486  1.         -0.92103649
  0.61812785 -0.99618042 -0.2953414   0.10037143  0.38204777  0.11412858
 -0.07932128 -0.35391079 -0.996931   -0.94806461  0.61006843 -0.96394611
  0.45770771 -0.75548803 -1.         -0.90602566  0.78676676  0.58856256
  0.97032505  1.          1.         -0.45621259 -0.96953041 -0.75101797
  0.81330423  0.91097579  0.99064469  1.         -0.87681955  0.65632744
 -0.9998671   0.04448827 -0.60242062  0.02144319  0.84399919  0.53047838
 -0.99383234  0.13952796  0.13106694 -0.11315084  0.6439999   0.95677768]
Best fitness: -73.908731

Iteration 33
========================================
Best position: [-0.43536143  1.          0.45033879  0.89384155  0.58361989 -1.
 -1.          0.87794819 -0.99794185  0.48450912 -1.         -0.99145099
 -0.84878259 -0.99981415  0.56257028 -0.99465562  0.3742458  -0.79433081
 -0.82518284 -0.90814776  0.49920958  0.91803843 -0.99730126  0.87514495
  0.81824037 -0.96763716  0.87831605  0.76957842 -0.8887342   1.
  1.          0.24537234 -1.         -0.85515486  1.         -0.92103649
  0.61812785 -0.99618042 -0.2953414   0.10037143  0.38204777  0.11412858
 -0.07932128 -0.35391079 -0.996931   -0.94806461  0.61006843 -0.96394611
  0.45770771 -0.75548803 -1.         -0.90602566  0.78676676  0.58856256
  0.97032505  1.          1.         -0.45621259 -0.96953041 -0.75101797
  0.81330423  0.91097579  0.99064469  1.         -0.87681955  0.65632744
 -0.9998671   0.04448827 -0.60242062  0.02144319  0.84399919  0.53047838
 -0.99383234  0.13952796  0.13106694 -0.11315084  0.6439999   0.95677768]
Best fitness: -73.908731

Iteration 34
========================================
Best position: [-0.20297108  1.          0.28076735  0.83993262  0.86754565 -1.
 -1.          0.98036846 -0.99725338  0.52505166 -1.         -0.99139629
 -1.         -0.99957238  0.85722819 -0.99094957  0.17208281 -0.85349179
 -0.27975986 -0.9393088   0.37288208  1.         -1.          0.8802021
  0.77171319 -0.96262395  0.90494786  0.80298549 -0.74846538  0.97617711
  1.          0.3642981  -1.         -1.          1.         -0.93780537
  0.47749376 -0.97975243 -0.44205809 -0.03036579  0.57959959  0.08061839
  0.01956339 -0.45425882 -0.99962303 -0.87292117  0.54404715 -0.96413456
  0.20675587 -0.68382224 -1.         -0.82584182  0.74822247  1.
  0.97489684  0.99221997  0.97600726 -0.6165745  -0.91140773 -1.
  0.83838421  0.92388436  0.99485592  1.         -0.87401438  0.67362478
 -0.99958234  0.21441417 -0.60086458  0.04081632  0.71011485  0.38522504
 -0.99182188  0.30737906 -0.03370886  0.00652589  0.69039936  0.93164517]
Best fitness: -76.929675

Iteration 35
========================================
Best position: [-0.20297108  1.          0.28076735  0.83993262  0.86754565 -1.
 -1.          0.98036846 -0.99725338  0.52505166 -1.         -0.99139629
 -1.         -0.99957238  0.85722819 -0.99094957  0.17208281 -0.85349179
 -0.27975986 -0.9393088   0.37288208  1.         -1.          0.8802021
  0.77171319 -0.96262395  0.90494786  0.80298549 -0.74846538  0.97617711
  1.          0.3642981  -1.         -1.          1.         -0.93780537
  0.47749376 -0.97975243 -0.44205809 -0.03036579  0.57959959  0.08061839
  0.01956339 -0.45425882 -0.99962303 -0.87292117  0.54404715 -0.96413456
  0.20675587 -0.68382224 -1.         -0.82584182  0.74822247  1.
  0.97489684  0.99221997  0.97600726 -0.6165745  -0.91140773 -1.
  0.83838421  0.92388436  0.99485592  1.         -0.87401438  0.67362478
 -0.99958234  0.21441417 -0.60086458  0.04081632  0.71011485  0.38522504
 -0.99182188  0.30737906 -0.03370886  0.00652589  0.69039936  0.93164517]
Best fitness: -76.929675

Iteration 36
========================================
Best position: [-0.20297108  1.          0.28076735  0.83993262  0.86754565 -1.
 -1.          0.98036846 -0.99725338  0.52505166 -1.         -0.99139629
 -1.         -0.99957238  0.85722819 -0.99094957  0.17208281 -0.85349179
 -0.27975986 -0.9393088   0.37288208  1.         -1.          0.8802021
  0.77171319 -0.96262395  0.90494786  0.80298549 -0.74846538  0.97617711
  1.          0.3642981  -1.         -1.          1.         -0.93780537
  0.47749376 -0.97975243 -0.44205809 -0.03036579  0.57959959  0.08061839
  0.01956339 -0.45425882 -0.99962303 -0.87292117  0.54404715 -0.96413456
  0.20675587 -0.68382224 -1.         -0.82584182  0.74822247  1.
  0.97489684  0.99221997  0.97600726 -0.6165745  -0.91140773 -1.
  0.83838421  0.92388436  0.99485592  1.         -0.87401438  0.67362478
 -0.99958234  0.21441417 -0.60086458  0.04081632  0.71011485  0.38522504
 -0.99182188  0.30737906 -0.03370886  0.00652589  0.69039936  0.93164517]
Best fitness: -76.929675

Iteration 37
========================================
Best position: [-0.20297108  1.          0.28076735  0.83993262  0.86754565 -1.
 -1.          0.98036846 -0.99725338  0.52505166 -1.         -0.99139629
 -1.         -0.99957238  0.85722819 -0.99094957  0.17208281 -0.85349179
 -0.27975986 -0.9393088   0.37288208  1.         -1.          0.8802021
  0.77171319 -0.96262395  0.90494786  0.80298549 -0.74846538  0.97617711
  1.          0.3642981  -1.         -1.          1.         -0.93780537
  0.47749376 -0.97975243 -0.44205809 -0.03036579  0.57959959  0.08061839
  0.01956339 -0.45425882 -0.99962303 -0.87292117  0.54404715 -0.96413456
  0.20675587 -0.68382224 -1.         -0.82584182  0.74822247  1.
  0.97489684  0.99221997  0.97600726 -0.6165745  -0.91140773 -1.
  0.83838421  0.92388436  0.99485592  1.         -0.87401438  0.67362478
 -0.99958234  0.21441417 -0.60086458  0.04081632  0.71011485  0.38522504
 -0.99182188  0.30737906 -0.03370886  0.00652589  0.69039936  0.93164517]
Best fitness: -76.929675

Iteration 38
========================================
Best position: [-0.26634315  1.          0.75754163  0.92827673  1.         -1.
 -1.          0.9394595  -0.99713848  0.56066196 -0.99910084 -0.99199956
 -1.         -0.9996272   0.46640559 -0.99055564  0.34284806 -0.81875241
 -0.65779503 -0.93477761  0.44340829  0.9654056  -0.99261047  0.81172582
  0.80168198 -0.97067654  0.89545632  0.81022918 -0.82089533  0.97910836
  0.99858554  0.03209984 -1.         -0.99451862  1.         -0.75270862
  0.58305446 -0.97912186 -0.29954693  0.29849021  0.47116815  0.11403234
  0.03627334 -0.41433382 -0.99743113 -0.89380996  0.61039757 -0.9629331
  0.30908609 -0.71276685 -1.         -0.82257529  0.75344991  0.67623659
  0.97246836  0.99124595  0.97515525 -0.57298832 -0.92600734 -0.96394864
  0.89241366  0.82920301  0.99502028  1.         -0.85673938  0.67698279
 -0.99974631  0.21212031 -0.60942804  0.04543593  0.75114128  0.45779519
 -0.9907717   0.35140624 -0.07318302  0.05525605  0.61825003  0.95442444]
Best fitness: -78.333325

Iteration 39
========================================
Best position: [-0.32646424  1.          0.6790031   0.96333953  1.         -0.9985162
 -1.          0.86419942 -0.99812072  0.50551224 -0.99975503 -0.99073786
 -0.9907737  -0.9998979   0.64164909 -0.99453912 -0.23669808 -0.83012617
 -0.4533567  -0.92128308  0.38635167  0.73702879 -0.99658811  0.81226348
  0.74175705 -0.97122445  0.91320669  0.79892093 -0.71239032  0.98123624
  0.99887776  0.51841823 -1.         -0.99074625  1.         -0.74171542
  0.65472079 -0.98326722 -0.36127969 -0.05160145  0.49361278  0.06093257
  0.17019572 -0.45015414 -0.99717599 -0.9764251   0.57985963 -0.96972079
  0.3438177  -0.71340268 -1.         -0.7757181   0.7686172   0.96680728
  0.96922259  0.99593982  0.95648532 -0.60074178 -0.88402411 -0.93637375
  0.78110697  0.90981156  0.97392134  1.         -0.86861368  0.67144134
 -0.99949594  0.16679214 -0.70618211  0.03979117  0.85952928  0.41071267
 -0.9930141   0.31766651 -0.02914014 -0.07550107  0.67768834  0.93446711]
Best fitness: -78.739407

Iteration 40
========================================
Best position: [-0.47250912  1.          1.          0.80814483  1.         -1.
 -1.          0.92003319 -0.99868511  0.62059781 -0.99942351 -0.99661758
 -1.         -0.99996729  0.8204652  -0.98317855  0.35473823 -0.553031
 -0.4954976  -0.90760594  0.43880843  0.7096952  -0.99944186  0.865918
  0.80920655 -0.97630247  0.91979951  0.8832198  -0.84651761  0.99580759
  0.99931593 -0.22470856 -1.         -0.97861352  1.         -0.85350524
  0.64770034 -0.98010742 -0.70617278 -0.04206062  0.74921926  0.13711959
  0.16543003 -0.38578143 -0.99824584 -0.8962058   0.63712184 -0.97188571
  0.0878858  -0.81866665 -1.         -0.85654914  0.90260165  0.76865411
  0.98114087  0.99349433  0.88691671 -0.78566555 -0.9126642  -0.93707814
  0.81277586  0.84134725  1.          1.         -0.9131518   0.69076363
 -0.99980964  0.1575664  -0.65548206  0.02544278  0.80500625  0.52521608
 -0.98977598  0.22223988 -0.15414796  0.04523368  0.58335997  0.94985704]
Best fitness: -80.594369

Iteration 41
========================================
Best position: [-0.47250912  1.          1.          0.80814483  1.         -1.
 -1.          0.92003319 -0.99868511  0.62059781 -0.99942351 -0.99661758
 -1.         -0.99996729  0.8204652  -0.98317855  0.35473823 -0.553031
 -0.4954976  -0.90760594  0.43880843  0.7096952  -0.99944186  0.865918
  0.80920655 -0.97630247  0.91979951  0.8832198  -0.84651761  0.99580759
  0.99931593 -0.22470856 -1.         -0.97861352  1.         -0.85350524
  0.64770034 -0.98010742 -0.70617278 -0.04206062  0.74921926  0.13711959
  0.16543003 -0.38578143 -0.99824584 -0.8962058   0.63712184 -0.97188571
  0.0878858  -0.81866665 -1.         -0.85654914  0.90260165  0.76865411
  0.98114087  0.99349433  0.88691671 -0.78566555 -0.9126642  -0.93707814
  0.81277586  0.84134725  1.          1.         -0.9131518   0.69076363
 -0.99980964  0.1575664  -0.65548206  0.02544278  0.80500625  0.52521608
 -0.98977598  0.22223988 -0.15414796  0.04523368  0.58335997  0.94985704]
Best fitness: -80.594369

Iteration 42
========================================
Best position: [-0.69503721  1.          0.82228446  0.79510223  0.99967157 -0.99663967
 -1.          0.97299068 -0.99756891  0.58913956 -0.99981476 -0.99052285
 -0.99357994 -0.9997437   0.06116123 -0.99070531  0.33916524 -0.76138996
 -0.36513966 -0.94185341  0.32233636  0.84684665 -0.99076117  0.95337017
  0.77317336 -0.97433058  0.92297716  0.7949083  -0.73609523  0.97966187
  0.99923435 -0.46175353 -1.         -0.98806878  1.         -0.79230472
  0.61850151 -0.97352906 -0.54684819  0.05454273  0.48116949  0.14228564
  0.17343721 -0.41207569 -0.99733636 -0.92862883  0.55330565 -0.87141281
  0.21552577 -0.78362644 -1.         -0.86197347  0.76585041  0.75087422
  0.9745814   0.99504922  0.93582662 -0.53812317 -0.92214586 -0.96935929
  0.73063856  0.88319284  0.99801562  1.         -0.89596763  0.67645266
 -0.9996597   0.1838139  -0.55422413  0.02969362  0.71815561  0.45985577
 -0.98969449  0.3287793  -0.14594827  0.07145458  0.61431086  0.93345804]
Best fitness: -83.609180

Iteration 43
========================================
Best position: [-0.69503721  1.          0.82228446  0.79510223  0.99967157 -0.99663967
 -1.          0.97299068 -0.99756891  0.58913956 -0.99981476 -0.99052285
 -0.99357994 -0.9997437   0.06116123 -0.99070531  0.33916524 -0.76138996
 -0.36513966 -0.94185341  0.32233636  0.84684665 -0.99076117  0.95337017
  0.77317336 -0.97433058  0.92297716  0.7949083  -0.73609523  0.97966187
  0.99923435 -0.46175353 -1.         -0.98806878  1.         -0.79230472
  0.61850151 -0.97352906 -0.54684819  0.05454273  0.48116949  0.14228564
  0.17343721 -0.41207569 -0.99733636 -0.92862883  0.55330565 -0.87141281
  0.21552577 -0.78362644 -1.         -0.86197347  0.76585041  0.75087422
  0.9745814   0.99504922  0.93582662 -0.53812317 -0.92214586 -0.96935929
  0.73063856  0.88319284  0.99801562  1.         -0.89596763  0.67645266
 -0.9996597   0.1838139  -0.55422413  0.02969362  0.71815561  0.45985577
 -0.98969449  0.3287793  -0.14594827  0.07145458  0.61431086  0.93345804]
Best fitness: -83.609180

Iteration 44
========================================
Best position: [-0.84286916  1.          0.91448969  0.84655605  0.99416417 -0.98093624
 -1.          0.94123526 -0.99883436  0.56604653 -0.99974922 -0.99146398
 -0.98303876 -0.99982336 -0.38865858 -1.          0.36866058 -0.71985359
 -0.71738711 -0.93652745  0.30345963  0.58118268 -0.99684926  0.92001161
  0.81696706 -1.          0.91671019  0.81223339 -0.82302289  0.99228706
  0.99939073 -0.86359484 -1.         -0.90839047  1.         -0.50355771
  0.92277452 -0.98290791 -0.3014443   0.313358    0.53863963  0.08457349
  0.1863967  -0.52937193 -0.9971818  -0.98213379  0.72691348 -0.97741759
  0.26867646 -1.         -1.         -0.81630808  0.80862592  0.67681969
  0.97314735  0.99641966  0.953207   -0.51260448 -0.88950403 -0.93311053
  0.78351349  0.83555678  0.97384672  1.         -0.89845032  0.75796182
 -0.99992449  0.09591084 -0.56905581  0.04652364  0.82369935  0.37281864
 -0.98936776  0.11804457 -0.00507989 -0.04399164  0.56624125  0.95621761]
Best fitness: -87.408321

Iteration 45
========================================
Best position: [-1.          1.          0.80071662  0.79334422  0.98216411 -0.99493134
 -1.          0.98563243 -0.99843138  0.60764165 -0.9995293  -0.99091621
 -0.99998043 -0.99946072 -0.30540533 -0.99029526  0.75348    -0.78548584
 -0.57557971 -0.90155869  0.29704222  0.8352353  -0.99214186  0.97225661
  0.82452353 -0.98232476  0.89342775  0.83809555 -0.90471003  0.98827724
  0.99847943 -1.         -1.         -0.98359205  1.         -0.91493925
  0.78377405 -0.983543   -0.50852442  0.38349208  0.62338818  0.1065886
  0.21194939 -0.41272348 -0.99644784 -0.93021207  0.59768283 -0.916418
  0.22612737 -0.9188113  -1.         -0.79403526  0.81649816  0.78869168
  0.98023683  0.99739459  0.91993273 -0.679898   -0.91373585 -0.98722159
  0.74659175  0.87273617  0.98746408  1.         -0.89114681  0.6569734
 -0.99970372  0.01261222 -0.56092107  0.08296031  0.77651743  0.46151005
 -0.98949035  0.23069665 -0.1268336   0.08110214  0.64011045  0.93723416]
Best fitness: -88.467044

Iteration 46
========================================
Best position: [-0.93074805  1.          1.          0.7835483   0.99147259 -0.99359684
 -1.          0.94661592 -0.99811168  0.68997889 -0.99974256 -0.98978883
 -0.99066873 -0.99984682 -0.35664728 -0.9923287   0.43189133 -0.73434061
 -0.64396541 -0.92616844  0.30491421  0.7435502  -0.99365416  0.99972914
  0.78065357 -0.98279796  0.898855    0.81363089 -0.74725006  0.99144059
  0.99824132 -1.         -1.         -0.98107335  1.         -0.855845
  0.93748255 -0.98259707 -0.5161049   0.1913691   0.48152452  0.11301544
  0.2649365  -0.42476335 -0.99394098 -0.89497921  0.72106389 -0.87912157
  0.2333259  -0.96535588 -1.         -0.7446187   0.78734866  0.75387279
  0.9723367   0.99770579  0.89537528 -0.68152355 -0.90121084 -0.99597568
  0.80848213  0.84535495  0.99445439  1.         -0.87344943  0.65447286
 -0.99963268  0.03528806 -0.57059781  0.01439582  0.82193177  0.59757471
 -0.99054087  0.25742794  0.0090148   0.11586585  0.60125519  0.94099459]
Best fitness: -89.665032

Iteration 47
========================================
Best position: [-0.93074805  1.          1.          0.7835483   0.99147259 -0.99359684
 -1.          0.94661592 -0.99811168  0.68997889 -0.99974256 -0.98978883
 -0.99066873 -0.99984682 -0.35664728 -0.9923287   0.43189133 -0.73434061
 -0.64396541 -0.92616844  0.30491421  0.7435502  -0.99365416  0.99972914
  0.78065357 -0.98279796  0.898855    0.81363089 -0.74725006  0.99144059
  0.99824132 -1.         -1.         -0.98107335  1.         -0.855845
  0.93748255 -0.98259707 -0.5161049   0.1913691   0.48152452  0.11301544
  0.2649365  -0.42476335 -0.99394098 -0.89497921  0.72106389 -0.87912157
  0.2333259  -0.96535588 -1.         -0.7446187   0.78734866  0.75387279
  0.9723367   0.99770579  0.89537528 -0.68152355 -0.90121084 -0.99597568
  0.80848213  0.84535495  0.99445439  1.         -0.87344943  0.65447286
 -0.99963268  0.03528806 -0.57059781  0.01439582  0.82193177  0.59757471
 -0.99054087  0.25742794  0.0090148   0.11586585  0.60125519  0.94099459]
Best fitness: -89.665032

Iteration 48
========================================
Best position: [-1.00000000e+00  1.00000000e+00  1.00000000e+00  8.35584832e-01
  9.95508318e-01 -9.85288624e-01 -1.00000000e+00  9.62130293e-01
 -9.98165296e-01  6.05575205e-01 -9.99654336e-01 -9.87901573e-01
 -9.91780374e-01 -9.99826353e-01 -1.00000000e+00 -9.95213235e-01
  6.02162809e-01 -8.61912604e-01 -6.91672193e-01 -9.04659984e-01
  2.91255962e-01  6.10651285e-01 -9.96402737e-01  9.99884900e-01
  8.63176979e-01 -9.94991173e-01  9.48046971e-01  8.14512844e-01
 -7.63871850e-01  9.99324327e-01  9.97376214e-01 -1.00000000e+00
 -1.00000000e+00 -9.12470478e-01  1.00000000e+00 -7.96783650e-01
  1.00000000e+00 -9.81679081e-01 -3.80918204e-01  1.41982458e-01
  4.74047354e-01  1.56924125e-01  2.11053993e-01 -5.41301994e-01
 -9.92244629e-01 -9.69954302e-01  9.07537169e-01 -8.14394403e-01
  3.64283239e-01 -1.00000000e+00 -1.00000000e+00 -7.83870162e-01
  8.41487370e-01  9.04300222e-01  9.75697933e-01  1.00000000e+00
  8.91274933e-01 -6.90029056e-01 -8.87269986e-01 -9.99345794e-01
  7.00847411e-01  7.60659453e-01  9.86986119e-01  1.00000000e+00
 -9.24110558e-01  7.22881095e-01 -9.99890055e-01 -8.81629084e-04
 -5.25941307e-01  2.12464115e-02  7.74785568e-01  5.73318949e-01
 -9.92801177e-01  2.31275509e-01 -2.93819594e-01  1.73711341e-01
  5.35722334e-01  9.45811416e-01]
Best fitness: -91.560703

Iteration 49
========================================
Best position: [-1.00000000e+00  1.00000000e+00  1.00000000e+00  8.35584832e-01
  9.95508318e-01 -9.85288624e-01 -1.00000000e+00  9.62130293e-01
 -9.98165296e-01  6.05575205e-01 -9.99654336e-01 -9.87901573e-01
 -9.91780374e-01 -9.99826353e-01 -1.00000000e+00 -9.95213235e-01
  6.02162809e-01 -8.61912604e-01 -6.91672193e-01 -9.04659984e-01
  2.91255962e-01  6.10651285e-01 -9.96402737e-01  9.99884900e-01
  8.63176979e-01 -9.94991173e-01  9.48046971e-01  8.14512844e-01
 -7.63871850e-01  9.99324327e-01  9.97376214e-01 -1.00000000e+00
 -1.00000000e+00 -9.12470478e-01  1.00000000e+00 -7.96783650e-01
  1.00000000e+00 -9.81679081e-01 -3.80918204e-01  1.41982458e-01
  4.74047354e-01  1.56924125e-01  2.11053993e-01 -5.41301994e-01
 -9.92244629e-01 -9.69954302e-01  9.07537169e-01 -8.14394403e-01
  3.64283239e-01 -1.00000000e+00 -1.00000000e+00 -7.83870162e-01
  8.41487370e-01  9.04300222e-01  9.75697933e-01  1.00000000e+00
  8.91274933e-01 -6.90029056e-01 -8.87269986e-01 -9.99345794e-01
  7.00847411e-01  7.60659453e-01  9.86986119e-01  1.00000000e+00
 -9.24110558e-01  7.22881095e-01 -9.99890055e-01 -8.81629084e-04
 -5.25941307e-01  2.12464115e-02  7.74785568e-01  5.73318949e-01
 -9.92801177e-01  2.31275509e-01 -2.93819594e-01  1.73711341e-01
  5.35722334e-01  9.45811416e-01]
Best fitness: -91.560703

Iteration 50
========================================
Best position: [-1.          1.          0.82412082  0.80530037  0.98919474 -0.98731659
 -1.          0.96545408 -0.99769806  0.57643894 -0.99970286 -0.98774527
 -0.99207771 -0.99945492 -1.         -0.9946972   0.59875381 -0.96218319
 -0.20809045 -0.91930355  0.2795722   0.59709047 -0.99091416  0.99993139
  0.86772206 -0.988588    0.86432864  0.80858187 -1.          1.
  0.99842397 -1.         -1.         -0.92365672  1.         -0.99306988
  1.         -0.98342852 -0.44786519  0.219196    0.52652863  0.23534853
  0.21482981 -0.46270317 -0.99282422 -0.92877017  0.71819419 -0.7903432
  0.26258665 -1.         -1.         -0.82999619  0.81150278  0.80050038
  0.97854861  1.          0.87716148 -0.83990119 -0.93790866 -1.
  0.65557494  0.85869151  0.98755146  1.         -0.90918399  0.66601876
 -0.9997532   0.10001714 -0.43312708  0.10605909  0.8694308   0.57344228
 -0.99187119  0.24687693 -0.14993437  0.11279089  0.58254722  0.93955613]
Best fitness: -92.810928

Iteration 51
========================================
Best position: [-1.          1.          0.86843285  0.82033516  0.98749536 -0.99187536
 -1.          0.92165788 -0.9989875   0.62522855 -0.99978609 -0.98919376
 -0.9823135  -0.99971031 -1.         -0.99527784  0.69035233 -0.89493959
 -0.46270082 -0.91178981  0.26238117  0.60315095 -0.99225461  1.
  0.81995025 -0.99829527  0.88362516  0.83062007 -0.93823158  1.
  0.99747851 -1.         -1.         -0.92333298  1.         -1.
  1.         -0.97664854 -0.58722677  0.22029042  0.58481206  0.01437715
  0.28644487 -0.51844698 -0.99444033 -0.89141965  0.74065807 -0.74495734
  0.25343981 -1.         -1.         -0.74787187  0.86818833  0.78772071
  0.97254824  0.99926277  0.83969202 -0.64874688 -0.92175129 -0.98671887
  0.72689312  0.75435317  0.98668507  1.         -0.91702833  0.68133409
 -0.99980698  0.13909961 -0.59163847 -0.00488534  0.91392286  0.56617342
 -0.98919934  0.17162127 -0.03550734  0.17981899  0.55766348  0.94245296]
Best fitness: -93.208171

Iteration 52
========================================
Best position: [-1.          1.          0.86843285  0.82033516  0.98749536 -0.99187536
 -1.          0.92165788 -0.9989875   0.62522855 -0.99978609 -0.98919376
 -0.9823135  -0.99971031 -1.         -0.99527784  0.69035233 -0.89493959
 -0.46270082 -0.91178981  0.26238117  0.60315095 -0.99225461  1.
  0.81995025 -0.99829527  0.88362516  0.83062007 -0.93823158  1.
  0.99747851 -1.         -1.         -0.92333298  1.         -1.
  1.         -0.97664854 -0.58722677  0.22029042  0.58481206  0.01437715
  0.28644487 -0.51844698 -0.99444033 -0.89141965  0.74065807 -0.74495734
  0.25343981 -1.         -1.         -0.74787187  0.86818833  0.78772071
  0.97254824  0.99926277  0.83969202 -0.64874688 -0.92175129 -0.98671887
  0.72689312  0.75435317  0.98668507  1.         -0.91702833  0.68133409
 -0.99980698  0.13909961 -0.59163847 -0.00488534  0.91392286  0.56617342
 -0.98919934  0.17162127 -0.03550734  0.17981899  0.55766348  0.94245296]
Best fitness: -93.208171

Iteration 53
========================================
Best position: [-1.          1.          1.          0.88972229  0.98581268 -0.97723429
 -1.          1.         -0.99787711  0.59456534 -0.99994012 -0.985684
 -0.99971902 -0.99967663 -1.         -0.99378599  0.97611057 -1.
 -0.51002741 -0.89985824  0.17117197  0.49128632 -0.99272405  0.99985574
  0.85045032 -0.99688959  0.90541616  0.77891702 -0.86988478  1.
  0.99584476 -1.         -1.         -0.83415699  1.         -1.
  1.         -0.99476826 -0.19951818  0.17819818  0.56194989  0.1223161
  0.18263947 -0.63987661 -0.99113987 -0.97252542  0.84848712 -0.75037555
  0.35955068 -1.         -1.         -0.76731866  0.81379622  0.98588471
  0.97334948  0.99949758  0.91320368 -0.75816689 -0.91963123 -0.99102933
  0.7087131   0.78495827  0.96831857  1.         -0.91945645  0.65791523
 -0.99989123  0.10820586 -0.64131258 -0.02359481  0.87267485  0.58616514
 -0.99685433  0.25369079 -0.18838607  0.17573275  0.51157072  0.9533258 ]
Best fitness: -94.002697

Iteration 54
========================================
Best position: [-1.          1.          1.          0.88972229  0.98581268 -0.97723429
 -1.          1.         -0.99787711  0.59456534 -0.99994012 -0.985684
 -0.99971902 -0.99967663 -1.         -0.99378599  0.97611057 -1.
 -0.51002741 -0.89985824  0.17117197  0.49128632 -0.99272405  0.99985574
  0.85045032 -0.99688959  0.90541616  0.77891702 -0.86988478  1.
  0.99584476 -1.         -1.         -0.83415699  1.         -1.
  1.         -0.99476826 -0.19951818  0.17819818  0.56194989  0.1223161
  0.18263947 -0.63987661 -0.99113987 -0.97252542  0.84848712 -0.75037555
  0.35955068 -1.         -1.         -0.76731866  0.81379622  0.98588471
  0.97334948  0.99949758  0.91320368 -0.75816689 -0.91963123 -0.99102933
  0.7087131   0.78495827  0.96831857  1.         -0.91945645  0.65791523
 -0.99989123  0.10820586 -0.64131258 -0.02359481  0.87267485  0.58616514
 -0.99685433  0.25369079 -0.18838607  0.17573275  0.51157072  0.9533258 ]
Best fitness: -94.002697

Iteration 55
========================================
Best position: [-1.          1.          1.          0.89005685  0.98397202 -0.97558857
 -1.          1.         -0.99793985  0.61500263 -0.99991863 -0.9918287
 -0.99740781 -0.9995587  -1.         -0.9945351   0.74709454 -1.
 -0.40155438 -0.89522575  0.23081943  0.39051165 -0.99281279  0.99997367
  0.86826225 -0.99353459  0.910032    0.75465178 -0.91513066  0.9918824
  0.99459776 -1.         -1.         -0.85539354  1.         -1.
  1.         -0.98478534 -0.13466082  0.25116015  0.47238542  0.1384254
  0.18477296 -0.47948569 -0.98906426 -0.98107116  0.88900919 -0.71333268
  0.38109592 -0.90316347 -1.         -0.72645851  0.78014928  1.
  0.97778997  1.          0.88146529 -0.78367366 -0.93139625 -0.99495876
  0.58334036  0.86309512  0.97198019  1.         -0.91585916  0.69957084
 -1.          0.03871034 -0.59717635 -0.13408916  0.86339935  0.57598105
 -0.99584783  0.28671536 -0.16328148  0.25311335  0.61438982  0.94511616]
Best fitness: -94.729270

Iteration 56
========================================
Best position: [-1.          1.          0.96196471  0.88779446  0.97632165 -0.96730785
 -1.          0.94306934 -0.99908123  0.59982418 -0.99994599 -0.98803053
 -0.99364727 -0.99960286 -1.         -0.99410693  0.69104851 -0.99947636
 -0.57222646 -0.87474018  0.16399852  0.21238293 -1.          0.99993563
  0.89015436 -0.99451611  0.90864912  0.69426265 -0.87775158  0.99450272
  0.99226135 -1.         -1.         -0.88018896  1.         -1.
  1.         -0.99097945 -0.09050169  0.26536955  0.52938045  0.15353757
  0.17343454 -0.51150661 -0.99004558 -0.99239064  0.91322734 -0.69878811
  0.37894963 -0.94677688 -1.         -0.73588163  0.80680136  1.
  0.97781982  0.9996518   0.87206885 -0.89850014 -0.91762269 -0.97861842
  0.62072815  0.83430678  0.96388173  1.         -0.92489747  0.70454092
 -0.99994401  0.04558544 -0.54756606 -0.12493302  0.88109271  0.58769556
 -0.99508827  0.17317183 -0.1448604   0.28083199  0.59153933  0.9584709 ]
Best fitness: -94.734895

Iteration 57
========================================
Best position: [-1.          1.          0.96905246  1.          0.97619044 -0.96381526
 -1.          0.95991978 -0.99846171  0.76229374 -1.         -0.98706498
 -0.99539446 -0.99962411 -0.98072838 -0.99648713  0.99328024 -0.99989368
 -0.22121698 -0.87504897  0.12000126  0.2264787  -0.9983732   0.99987971
  0.86181264 -0.99367284  0.90249998  0.68158166 -0.93458727  0.99514658
  0.99649701 -1.         -1.         -0.86804115  1.         -1.
  1.         -0.99885829 -0.23983421  0.22826159  0.53915849  0.17679764
  0.13809102 -0.52060523 -0.98986885 -1.          0.74952921 -0.69677793
  0.44201742 -0.98016519 -1.         -0.76231124  0.71662655  0.90900255
  0.96569359  0.9993283   0.89005825 -0.80694112 -0.91808171 -0.98755632
  0.65464172  0.85856371  0.95490851  1.         -0.92233599  0.67636604
 -0.99995398  0.15717586 -0.59654982 -0.10539423  0.82559125  0.57829227
 -0.99819026  0.17951468 -0.26205481  0.21311253  0.5600221   0.94103232]
Best fitness: -95.620212

Iteration 58
========================================
Best position: [-1.          1.          0.96905246  1.          0.97619044 -0.96381526
 -1.          0.95991978 -0.99846171  0.76229374 -1.         -0.98706498
 -0.99539446 -0.99962411 -0.98072838 -0.99648713  0.99328024 -0.99989368
 -0.22121698 -0.87504897  0.12000126  0.2264787  -0.9983732   0.99987971
  0.86181264 -0.99367284  0.90249998  0.68158166 -0.93458727  0.99514658
  0.99649701 -1.         -1.         -0.86804115  1.         -1.
  1.         -0.99885829 -0.23983421  0.22826159  0.53915849  0.17679764
  0.13809102 -0.52060523 -0.98986885 -1.          0.74952921 -0.69677793
  0.44201742 -0.98016519 -1.         -0.76231124  0.71662655  0.90900255
  0.96569359  0.9993283   0.89005825 -0.80694112 -0.91808171 -0.98755632
  0.65464172  0.85856371  0.95490851  1.         -0.92233599  0.67636604
 -0.99995398  0.15717586 -0.59654982 -0.10539423  0.82559125  0.57829227
 -0.99819026  0.17951468 -0.26205481  0.21311253  0.5600221   0.94103232]
Best fitness: -95.620212

Iteration 59
========================================
Best position: [-1.          1.          0.97088921  0.93904978  0.99530012 -0.97122877
 -1.          0.97328872 -0.99824259  0.66408852 -0.99988355 -0.98709645
 -0.99768865 -0.99973058 -1.         -0.99964183  1.         -0.99993931
 -0.3209724  -0.87275064  0.1528699   0.52075822 -0.99125126  0.99924988
  0.85826955 -0.98125245  0.94036614  0.67176875 -0.80588251  0.99311684
  0.99596835 -1.         -1.         -0.87992809  1.         -1.
  0.9883252  -1.         -0.2628094   0.18615664  0.52605404  0.19373528
  0.1830143  -0.56437151 -0.98805348 -0.99578633  0.67964266 -0.74789453
  0.40806232 -0.9978584  -1.         -0.78466734  0.78864848  0.95081776
  0.9726542   0.99973941  0.91232959 -0.84537985 -0.92596706 -0.98887616
  0.74419499  0.81217051  0.95446049  1.         -0.91916872  0.75638119
 -0.99980863  0.13284915 -0.60178341 -0.03475325  0.72687305  0.57671257
 -0.99918293  0.21928634 -0.17850651  0.07159031  0.52668386  0.95700745]
Best fitness: -95.924646

Iteration 60
========================================
Best position: [-1.          1.          0.94562296  0.9888296   0.97864518 -0.95472043
 -1.          0.95110857 -0.9984248   0.81218309 -0.99994219 -0.98789277
 -0.99403787 -0.99976294 -0.99257891 -1.          0.99485854 -0.99999327
 -0.0940894  -0.8559317   0.10938801  0.18862104 -0.99956019  0.99982923
  0.88082884 -0.98344556  0.92569905  0.65299054 -0.91803045  0.99086926
  0.99372329 -1.         -1.         -0.85341878  1.         -1.
  0.99032689 -1.         -0.94474261  0.19398016  0.56073771  0.26243664
  0.14581585 -0.53108879 -0.98866555 -0.99843589  0.61291597 -0.72307836
  0.4053008  -1.         -1.         -0.764851    0.63569781  0.97813313
  0.97007154  0.99946755  0.89615317 -0.87108699 -0.92974632 -0.99075783
  0.64129604  0.93668561  0.94549848  1.         -0.92846342  0.7709822
 -0.99991161  0.17658509 -0.57116942 -0.16112728  0.77350503  0.54392957
 -0.99917106  0.27193805 -0.21612618  0.1208709   0.53201103  0.92253538]
Best fitness: -97.954609

Iteration 61
========================================
Best position: [-1.          1.          0.94562296  0.9888296   0.97864518 -0.95472043
 -1.          0.95110857 -0.9984248   0.81218309 -0.99994219 -0.98789277
 -0.99403787 -0.99976294 -0.99257891 -1.          0.99485854 -0.99999327
 -0.0940894  -0.8559317   0.10938801  0.18862104 -0.99956019  0.99982923
  0.88082884 -0.98344556  0.92569905  0.65299054 -0.91803045  0.99086926
  0.99372329 -1.         -1.         -0.85341878  1.         -1.
  0.99032689 -1.         -0.94474261  0.19398016  0.56073771  0.26243664
  0.14581585 -0.53108879 -0.98866555 -0.99843589  0.61291597 -0.72307836
  0.4053008  -1.         -1.         -0.764851    0.63569781  0.97813313
  0.97007154  0.99946755  0.89615317 -0.87108699 -0.92974632 -0.99075783
  0.64129604  0.93668561  0.94549848  1.         -0.92846342  0.7709822
 -0.99991161  0.17658509 -0.57116942 -0.16112728  0.77350503  0.54392957
 -0.99917106  0.27193805 -0.21612618  0.1208709   0.53201103  0.92253538]
Best fitness: -97.954609

Iteration 62
========================================
Best position: [-1.          1.          0.9432102   1.          0.96505485 -0.95324662
 -1.          0.95360586 -0.99831103  0.76369455 -0.99993335 -0.98989935
 -0.99084267 -0.99962609 -0.98780435 -0.99885435  0.97930559 -0.99999328
 -0.0392548  -0.85046815  0.12163422  0.21630817 -1.          0.99999131
  0.88917783 -0.99221231  0.92889697  0.65444398 -0.95787656  0.99030023
  0.98963462 -1.         -1.         -0.84176732  1.         -0.999988
  0.98845155 -1.         -1.          0.16656971  0.56721022  0.25901023
  0.17671862 -0.51294213 -0.98966343 -1.          0.61483648 -0.75751575
  0.40187934 -0.99961216 -1.         -0.76281597  0.5272685   1.
  0.96779021  0.99943778  0.9077708  -0.90170625 -0.92770833 -0.9906861
  0.58425934  0.95072449  0.95196556  1.         -0.92021089  0.75455639
 -0.99987304  0.16794796 -0.5665565  -0.0586423   0.75183194  0.54681672
 -1.          0.31806755 -0.15308637  0.1532536   0.52493422  0.91903632]
Best fitness: -98.226605

Iteration 63
========================================
Best position: [-1.          1.          0.9432102   1.          0.96505485 -0.95324662
 -1.          0.95360586 -0.99831103  0.76369455 -0.99993335 -0.98989935
 -0.99084267 -0.99962609 -0.98780435 -0.99885435  0.97930559 -0.99999328
 -0.0392548  -0.85046815  0.12163422  0.21630817 -1.          0.99999131
  0.88917783 -0.99221231  0.92889697  0.65444398 -0.95787656  0.99030023
  0.98963462 -1.         -1.         -0.84176732  1.         -0.999988
  0.98845155 -1.         -1.          0.16656971  0.56721022  0.25901023
  0.17671862 -0.51294213 -0.98966343 -1.          0.61483648 -0.75751575
  0.40187934 -0.99961216 -1.         -0.76281597  0.5272685   1.
  0.96779021  0.99943778  0.9077708  -0.90170625 -0.92770833 -0.9906861
  0.58425934  0.95072449  0.95196556  1.         -0.92021089  0.75455639
 -0.99987304  0.16794796 -0.5665565  -0.0586423   0.75183194  0.54681672
 -1.          0.31806755 -0.15308637  0.1532536   0.52493422  0.91903632]
Best fitness: -98.226605

Iteration 64
========================================
Best position: [-1.          1.          0.9432102   1.          0.96505485 -0.95324662
 -1.          0.95360586 -0.99831103  0.76369455 -0.99993335 -0.98989935
 -0.99084267 -0.99962609 -0.98780435 -0.99885435  0.97930559 -0.99999328
 -0.0392548  -0.85046815  0.12163422  0.21630817 -1.          0.99999131
  0.88917783 -0.99221231  0.92889697  0.65444398 -0.95787656  0.99030023
  0.98963462 -1.         -1.         -0.84176732  1.         -0.999988
  0.98845155 -1.         -1.          0.16656971  0.56721022  0.25901023
  0.17671862 -0.51294213 -0.98966343 -1.          0.61483648 -0.75751575
  0.40187934 -0.99961216 -1.         -0.76281597  0.5272685   1.
  0.96779021  0.99943778  0.9077708  -0.90170625 -0.92770833 -0.9906861
  0.58425934  0.95072449  0.95196556  1.         -0.92021089  0.75455639
 -0.99987304  0.16794796 -0.5665565  -0.0586423   0.75183194  0.54681672
 -1.          0.31806755 -0.15308637  0.1532536   0.52493422  0.91903632]
Best fitness: -98.226605

Iteration 65
========================================
Best position: [-1.          1.          0.93833108  1.          0.96886253 -0.95288952
 -1.          0.92623772 -0.99968875  1.         -0.99996394 -0.98634255
 -0.9920913  -0.99989053 -0.97731484 -0.99942413  0.98726197 -1.
  0.01096409 -0.85263855  0.20359614  0.1075164  -0.99957494  0.9999833
  0.85062333 -0.98391361  0.91508932  0.64345807 -0.98750222  0.99099225
  0.99268304 -1.         -1.         -0.80786383  1.         -0.99998489
  0.98358735 -1.         -1.          0.1767429   0.53085371  0.14692793
  0.20550665 -0.51601768 -0.99187865 -0.99485994  0.64617794 -0.79939841
  0.39504718 -0.99997832 -1.         -0.75425714  0.46662887  0.95572093
  0.95978427  0.99928585  0.9040206  -0.78585041 -0.93210054 -0.99168449
  0.61245882  0.97460446  0.92628128  1.         -0.92537183  0.71890076
 -0.99990797  0.23088046 -0.54858142 -0.09484373  0.76263913  0.47367826
 -0.99756286  0.1762004  -0.1156929   0.12658303  0.53986062  0.93094865]
Best fitness: -98.918857

Iteration 66
========================================
Best position: [-1.          1.          0.93833108  1.          0.96886253 -0.95288952
 -1.          0.92623772 -0.99968875  1.         -0.99996394 -0.98634255
 -0.9920913  -0.99989053 -0.97731484 -0.99942413  0.98726197 -1.
  0.01096409 -0.85263855  0.20359614  0.1075164  -0.99957494  0.9999833
  0.85062333 -0.98391361  0.91508932  0.64345807 -0.98750222  0.99099225
  0.99268304 -1.         -1.         -0.80786383  1.         -0.99998489
  0.98358735 -1.         -1.          0.1767429   0.53085371  0.14692793
  0.20550665 -0.51601768 -0.99187865 -0.99485994  0.64617794 -0.79939841
  0.39504718 -0.99997832 -1.         -0.75425714  0.46662887  0.95572093
  0.95978427  0.99928585  0.9040206  -0.78585041 -0.93210054 -0.99168449
  0.61245882  0.97460446  0.92628128  1.         -0.92537183  0.71890076
 -0.99990797  0.23088046 -0.54858142 -0.09484373  0.76263913  0.47367826
 -0.99756286  0.1762004  -0.1156929   0.12658303  0.53986062  0.93094865]
Best fitness: -98.918857

Iteration 67
========================================
Best position: [-1.          1.          0.92399164  1.          0.95562238 -0.95823026
 -1.          0.94498999 -0.99764923  0.90228713 -0.99990037 -0.99077628
 -0.9894331  -0.99961948 -0.98758437 -0.99981609  0.8486924  -0.99998869
 -0.11888236 -0.83421981  0.12391766  0.16334921 -0.99993109  0.99998947
  0.85495198 -0.97161854  0.91876789  0.67235436 -0.99537975  0.99338192
  0.99338967 -1.         -1.         -0.84500603  1.         -0.99998429
  0.98241829 -0.99954327 -0.9755643   0.18014871  0.48952864  0.14680593
  0.20007984 -0.50318296 -0.99075789 -0.99529426  0.65783625 -0.7474521
  0.35584028 -0.99454545 -1.         -0.77984498  0.52043212  0.97318018
  0.96459793  0.99921537  0.90150415 -0.81998951 -0.94963262 -0.99495127
  0.59077673  0.84263334  0.95605038  1.         -0.92589886  0.74027375
 -0.99990691  0.10384933 -0.55411244 -0.08315204  0.78888245  0.5245547
 -0.99746738  0.2770286  -0.08140088  0.15913553  0.5677787   0.92846815]
Best fitness: -99.325833

Iteration 68
========================================
Best position: [-1.          1.          0.87883857  1.          0.94056032 -0.94164532
 -1.          0.91180595 -0.99957826  1.         -0.99993643 -0.99228902
 -0.98785986 -0.99989383 -0.94073248 -0.9995422   0.91953211 -0.9999855
  0.18944203 -0.80822907  0.00985332 -0.03455709 -0.99978784  0.99999691
  0.86639574 -0.97680232  0.93098438  0.63474988 -1.          0.99004965
  0.98804164 -1.         -1.         -0.81959798  1.         -0.99996591
  0.97127613 -0.99972021 -1.          0.08934898  0.53868719  0.16465519
  0.17508816 -0.51295583 -0.99217466 -0.99752477  0.61616399 -0.80313511
  0.29889084 -0.99889514 -1.         -0.72393201  0.37616973  0.95731155
  0.959564    0.99873998  0.95207408 -0.77602587 -0.98763751 -0.99724104
  0.57451019  0.95301327  0.95724533  1.         -0.91405213  0.75050042
 -0.99985409  0.1917306  -0.55249068 -0.02715008  0.76776979  0.47386496
 -0.99797856  0.28324947 -0.04713433  0.15053783  0.60940049  0.90697915]
Best fitness: -99.659023

Iteration 69
========================================
Best position: [-1.          1.          0.87883857  1.          0.94056032 -0.94164532
 -1.          0.91180595 -0.99957826  1.         -0.99993643 -0.99228902
 -0.98785986 -0.99989383 -0.94073248 -0.9995422   0.91953211 -0.9999855
  0.18944203 -0.80822907  0.00985332 -0.03455709 -0.99978784  0.99999691
  0.86639574 -0.97680232  0.93098438  0.63474988 -1.          0.99004965
  0.98804164 -1.         -1.         -0.81959798  1.         -0.99996591
  0.97127613 -0.99972021 -1.          0.08934898  0.53868719  0.16465519
  0.17508816 -0.51295583 -0.99217466 -0.99752477  0.61616399 -0.80313511
  0.29889084 -0.99889514 -1.         -0.72393201  0.37616973  0.95731155
  0.959564    0.99873998  0.95207408 -0.77602587 -0.98763751 -0.99724104
  0.57451019  0.95301327  0.95724533  1.         -0.91405213  0.75050042
 -0.99985409  0.1917306  -0.55249068 -0.02715008  0.76776979  0.47386496
 -0.99797856  0.28324947 -0.04713433  0.15053783  0.60940049  0.90697915]
Best fitness: -99.659023

Iteration 70
========================================
Best position: [-1.          1.          0.87883857  1.          0.94056032 -0.94164532
 -1.          0.91180595 -0.99957826  1.         -0.99993643 -0.99228902
 -0.98785986 -0.99989383 -0.94073248 -0.9995422   0.91953211 -0.9999855
  0.18944203 -0.80822907  0.00985332 -0.03455709 -0.99978784  0.99999691
  0.86639574 -0.97680232  0.93098438  0.63474988 -1.          0.99004965
  0.98804164 -1.         -1.         -0.81959798  1.         -0.99996591
  0.97127613 -0.99972021 -1.          0.08934898  0.53868719  0.16465519
  0.17508816 -0.51295583 -0.99217466 -0.99752477  0.61616399 -0.80313511
  0.29889084 -0.99889514 -1.         -0.72393201  0.37616973  0.95731155
  0.959564    0.99873998  0.95207408 -0.77602587 -0.98763751 -0.99724104
  0.57451019  0.95301327  0.95724533  1.         -0.91405213  0.75050042
 -0.99985409  0.1917306  -0.55249068 -0.02715008  0.76776979  0.47386496
 -0.99797856  0.28324947 -0.04713433  0.15053783  0.60940049  0.90697915]
Best fitness: -99.659023

Iteration 71
========================================
Best position: [-0.99971295  1.          0.89995077  0.9992996   0.93580082 -0.96790445
 -1.          0.94380092 -0.9982422   1.         -0.99994238 -0.99241426
 -0.9887318  -0.99978822 -0.95857705 -1.          0.86615418 -0.99997357
 -0.13843522 -0.82966747  0.05203687  0.11029653 -0.99909438  0.99995344
  0.86961294 -0.96415674  0.92090515  0.66166516 -0.95730992  0.99400522
  0.99059199 -1.         -1.         -0.85008052  1.         -0.99996885
  0.9778855  -0.99876411 -0.9983154   0.16519307  0.5920946   0.15019102
  0.22092899 -0.51298911 -0.99103754 -0.99445924  0.59245251 -0.77811736
  0.3581367  -0.99943227 -1.         -0.7707733   0.39225127  0.93346647
  0.95442223  0.99902859  0.95865255 -0.91802968 -0.96752033 -0.99289511
  0.70512928  0.92783722  0.98646244  1.         -0.90723925  0.73266594
 -0.99983672  0.10411363 -0.56050059 -0.00393062  0.79042709  0.48820089
 -0.99837393  0.2713815  -0.02339725  0.16787827  0.59370548  0.89504751]
Best fitness: -100.088708

Iteration 72
========================================
Best position: [-0.99971295  1.          0.89995077  0.9992996   0.93580082 -0.96790445
 -1.          0.94380092 -0.9982422   1.         -0.99994238 -0.99241426
 -0.9887318  -0.99978822 -0.95857705 -1.          0.86615418 -0.99997357
 -0.13843522 -0.82966747  0.05203687  0.11029653 -0.99909438  0.99995344
  0.86961294 -0.96415674  0.92090515  0.66166516 -0.95730992  0.99400522
  0.99059199 -1.         -1.         -0.85008052  1.         -0.99996885
  0.9778855  -0.99876411 -0.9983154   0.16519307  0.5920946   0.15019102
  0.22092899 -0.51298911 -0.99103754 -0.99445924  0.59245251 -0.77811736
  0.3581367  -0.99943227 -1.         -0.7707733   0.39225127  0.93346647
  0.95442223  0.99902859  0.95865255 -0.91802968 -0.96752033 -0.99289511
  0.70512928  0.92783722  0.98646244  1.         -0.90723925  0.73266594
 -0.99983672  0.10411363 -0.56050059 -0.00393062  0.79042709  0.48820089
 -0.99837393  0.2713815  -0.02339725  0.16787827  0.59370548  0.89504751]
Best fitness: -100.088708

Iteration 73
========================================
