Iteration 0
========================================
Best position: [-1.         -1.         -1.         -1.         -1.         -1.
 -1.         -1.         -0.81042416 -1.         -0.54771481 -1.
 -1.         -1.         -1.         -1.         -1.         -1.
 -1.         -1.         -0.93723713 -1.         -0.54771481 -1.
 -1.         -1.         -1.         -1.         -0.81042416 -0.88389571
 -1.         -1.         -0.81042416 -1.         -1.         -0.93957205]
Best fitness: 0.629468

Iteration 1
========================================
Best position: [-1.         -1.         -1.         -1.         -1.         -1.
 -1.         -1.         -0.81042416 -1.         -0.54771481 -1.
 -1.         -1.         -1.         -1.         -1.         -1.
 -1.         -1.         -0.93723713 -1.         -0.54771481 -1.
 -1.         -1.         -1.         -1.         -0.81042416 -0.88389571
 -1.         -1.         -0.81042416 -1.         -1.         -0.93957205]
Best fitness: 0.629468

Iteration 2
========================================
Best position: [-1.         -1.         -1.         -1.         -1.         -1.
 -1.         -1.         -0.81042416 -1.         -0.54771481 -1.
 -1.         -1.         -1.         -1.         -1.         -1.
 -1.         -1.         -0.93723713 -1.         -0.54771481 -1.
 -1.         -1.         -1.         -1.         -0.81042416 -0.88389571
 -1.         -1.         -0.81042416 -1.         -1.         -0.93957205]
Best fitness: 0.629468

Iteration 3
========================================
Best position: [-1.         -1.         -1.         -1.         -1.         -1.
 -1.         -1.         -0.81042416 -1.         -0.54771481 -1.
 -1.         -1.         -1.         -1.         -1.         -1.
 -1.         -1.         -0.93723713 -1.         -0.54771481 -1.
 -1.         -1.         -1.         -1.         -0.81042416 -0.88389571
 -1.         -1.         -0.81042416 -1.         -1.         -0.93957205]
Best fitness: 0.629468

Iteration 4
========================================
Best position: [-1.         -1.         -1.         -1.         -1.         -1.
 -1.         -1.         -0.81042416 -1.         -0.54771481 -1.
 -1.         -1.         -1.         -1.         -1.         -1.
 -1.         -1.         -0.93723713 -1.         -0.54771481 -1.
 -1.         -1.         -1.         -1.         -0.81042416 -0.88389571
 -1.         -1.         -0.81042416 -1.         -1.         -0.93957205]
Best fitness: 0.629468

Iteration 5
========================================
Best position: [-1.         -1.         -1.         -1.         -1.         -1.
 -1.         -1.         -0.81042416 -1.         -0.54771481 -1.
 -1.         -1.         -1.         -1.         -1.         -1.
 -1.         -1.         -0.93723713 -1.         -0.54771481 -1.
 -1.         -1.         -1.         -1.         -0.81042416 -0.88389571
 -1.         -1.         -0.81042416 -1.         -1.         -0.93957205]
Best fitness: 0.629468

Iteration 6
========================================
Best position: [-1.         -1.         -1.         -1.         -1.         -1.
 -1.         -1.         -0.81042416 -1.         -0.54771481 -1.
 -1.         -1.         -1.         -1.         -1.         -1.
 -1.         -1.         -0.93723713 -1.         -0.54771481 -1.
 -1.         -1.         -1.         -1.         -0.81042416 -0.88389571
 -1.         -1.         -0.81042416 -1.         -1.         -0.93957205]
Best fitness: 0.629468

Iteration 7
========================================
Best position: [-1.         -1.         -1.         -1.         -1.         -1.
 -1.         -1.         -0.81042416 -1.         -0.54771481 -1.
 -1.         -1.         -1.         -1.         -1.         -1.
 -1.         -1.         -0.93723713 -1.         -0.54771481 -1.
 -1.         -1.         -1.         -1.         -0.81042416 -0.88389571
 -1.         -1.         -0.81042416 -1.         -1.         -0.93957205]
Best fitness: 0.629468

Iteration 8
========================================
Best position: [-1.         -1.         -1.         -1.         -1.         -1.
 -1.         -1.         -0.81042416 -1.         -0.54771481 -1.
 -1.         -1.         -1.         -1.         -1.         -1.
 -1.         -1.         -0.93723713 -1.         -0.54771481 -1.
 -1.         -1.         -1.         -1.         -0.81042416 -0.88389571
 -1.         -1.         -0.81042416 -1.         -1.         -0.93957205]
Best fitness: 0.629468

Iteration 9
========================================
Best position: [-1.         -1.         -1.         -1.         -1.         -1.
 -1.         -1.         -0.81042416 -1.         -0.54771481 -1.
 -1.         -1.         -1.         -1.         -1.         -1.
 -1.         -1.         -0.93723713 -1.         -0.54771481 -1.
 -1.         -1.         -1.         -1.         -0.81042416 -0.88389571
 -1.         -1.         -0.81042416 -1.         -1.         -0.93957205]
Best fitness: 0.629468

Iteration 10
========================================
Best position: [-1.         -1.         -1.         -1.         -1.         -1.
 -1.         -1.         -0.81042416 -1.         -0.54771481 -1.
 -1.         -1.         -1.         -1.         -1.         -1.
 -1.         -1.         -0.93723713 -1.         -0.54771481 -1.
 -1.         -1.         -1.         -1.         -0.81042416 -0.88389571
 -1.         -1.         -0.81042416 -1.         -1.         -0.93957205]
Best fitness: 0.629468

Iteration 11
========================================
Best position: [-1.         -1.         -1.         -1.         -1.         -1.
 -1.         -1.         -0.81042416 -1.         -0.54771481 -1.
 -1.         -1.         -1.         -1.         -1.         -1.
 -1.         -1.         -0.93723713 -1.         -0.54771481 -1.
 -1.         -1.         -1.         -1.         -0.81042416 -0.88389571
 -1.         -1.         -0.81042416 -1.         -1.         -0.93957205]
Best fitness: 0.629468

Iteration 12
========================================
Best position: [-1.         -1.         -1.         -1.         -1.         -1.
 -1.         -1.         -0.81042416 -1.         -0.54771481 -1.
 -1.         -1.         -1.         -1.         -1.         -1.
 -1.         -1.         -0.93723713 -1.         -0.54771481 -1.
 -1.         -1.         -1.         -1.         -0.81042416 -0.88389571
 -1.         -1.         -0.81042416 -1.         -1.         -0.93957205]
Best fitness: 0.629468

Iteration 13
========================================
Best position: [-1.         -1.         -1.         -1.         -1.         -1.
 -1.         -1.         -0.81042416 -1.         -0.54771481 -1.
 -1.         -1.         -1.         -1.         -1.         -1.
 -1.         -1.         -0.93723713 -1.         -0.54771481 -1.
 -1.         -1.         -1.         -1.         -0.81042416 -0.88389571
 -1.         -1.         -0.81042416 -1.         -1.         -0.93957205]
Best fitness: 0.629468

Iteration 14
========================================
Best position: [-1.         -1.         -1.         -1.         -1.         -1.
 -1.         -1.         -0.81042416 -1.         -0.54771481 -1.
 -1.         -1.         -1.         -1.         -1.         -1.
 -1.         -1.         -0.93723713 -1.         -0.54771481 -1.
 -1.         -1.         -1.         -1.         -0.81042416 -0.88389571
 -1.         -1.         -0.81042416 -1.         -1.         -0.93957205]
Best fitness: 0.629468

Iteration 15
========================================
Best position: [-1.         -1.         -1.         -1.         -1.         -1.
 -1.         -1.         -0.81042416 -1.         -0.54771481 -1.
 -1.         -1.         -1.         -1.         -1.         -1.
 -1.         -1.         -0.93723713 -1.         -0.54771481 -1.
 -1.         -1.         -1.         -1.         -0.81042416 -0.88389571
 -1.         -1.         -0.81042416 -1.         -1.         -0.93957205]
Best fitness: 0.629468

Iteration 16
========================================
Best position: [-1.         -1.         -1.         -1.         -1.         -1.
 -1.         -1.         -0.81042416 -1.         -0.54771481 -1.
 -1.         -1.         -1.         -1.         -1.         -1.
 -1.         -1.         -0.93723713 -1.         -0.54771481 -1.
 -1.         -1.         -1.         -1.         -0.81042416 -0.88389571
 -1.         -1.         -0.81042416 -1.         -1.         -0.93957205]
Best fitness: 0.629468

Iteration 17
========================================
Best position: [-1.         -1.         -1.         -1.         -1.         -1.
 -1.         -1.         -0.81042416 -1.         -0.54771481 -1.
 -1.         -1.         -1.         -1.         -1.         -1.
 -1.         -1.         -0.93723713 -1.         -0.54771481 -1.
 -1.         -1.         -1.         -1.         -0.81042416 -0.88389571
 -1.         -1.         -0.81042416 -1.         -1.         -0.93957205]
Best fitness: 0.629468

Iteration 18
========================================
Best position: [-1.         -1.         -1.         -1.         -1.         -1.
 -1.         -1.         -0.81042416 -1.         -0.54771481 -1.
 -1.         -1.         -1.         -1.         -1.         -1.
 -1.         -1.         -0.93723713 -1.         -0.54771481 -1.
 -1.         -1.         -1.         -1.         -0.81042416 -0.88389571
 -1.         -1.         -0.81042416 -1.         -1.         -0.93957205]
Best fitness: 0.629468

Iteration 19
========================================
Best position: [-1.         -1.         -1.         -1.         -1.         -1.
 -1.         -1.         -0.81042416 -1.         -0.54771481 -1.
 -1.         -1.         -1.         -1.         -1.         -1.
 -1.         -1.         -0.93723713 -1.         -0.54771481 -1.
 -1.         -1.         -1.         -1.         -0.81042416 -0.88389571
 -1.         -1.         -0.81042416 -1.         -1.         -0.93957205]
Best fitness: 0.629468

Iteration 20
========================================
Best position: [-1.         -1.         -1.         -1.         -1.         -1.
 -1.         -1.         -0.81042416 -1.         -0.54771481 -1.
 -1.         -1.         -1.         -1.         -1.         -1.
 -1.         -1.         -0.93723713 -1.         -0.54771481 -1.
 -1.         -1.         -1.         -1.         -0.81042416 -0.88389571
 -1.         -1.         -0.81042416 -1.         -1.         -0.93957205]
Best fitness: 0.629468

Iteration 21
========================================
Best position: [-1.         -1.         -1.         -1.         -1.         -1.
 -1.         -1.         -0.81042416 -1.         -0.54771481 -1.
 -1.         -1.         -1.         -1.         -1.         -1.
 -1.         -1.         -0.93723713 -1.         -0.54771481 -1.
 -1.         -1.         -1.         -1.         -0.81042416 -0.88389571
 -1.         -1.         -0.81042416 -1.         -1.         -0.93957205]
Best fitness: 0.629468

Iteration 22
========================================
Best position: [-1.         -1.         -1.         -1.         -1.         -1.
 -1.         -1.         -0.81042416 -1.         -0.54771481 -1.
 -1.         -1.         -1.         -1.         -1.         -1.
 -1.         -1.         -0.93723713 -1.         -0.54771481 -1.
 -1.         -1.         -1.         -1.         -0.81042416 -0.88389571
 -1.         -1.         -0.81042416 -1.         -1.         -0.93957205]
Best fitness: 0.629468

Iteration 23
========================================
Best position: [-1.         -1.         -1.         -1.         -1.         -1.
 -1.         -1.         -0.81042416 -1.         -0.54771481 -1.
 -1.         -1.         -1.         -1.         -1.         -1.
 -1.         -1.         -0.93723713 -1.         -0.54771481 -1.
 -1.         -1.         -1.         -1.         -0.81042416 -0.88389571
 -1.         -1.         -0.81042416 -1.         -1.         -0.93957205]
Best fitness: 0.629468

Iteration 24
========================================
Best position: [-1.         -1.         -1.         -1.         -1.         -1.
 -1.         -1.         -0.81042416 -1.         -0.54771481 -1.
 -1.         -1.         -1.         -1.         -1.         -1.
 -1.         -1.         -0.93723713 -1.         -0.54771481 -1.
 -1.         -1.         -1.         -1.         -0.81042416 -0.88389571
 -1.         -1.         -0.81042416 -1.         -1.         -0.93957205]
Best fitness: 0.629468

Iteration 25
========================================
Best position: [-1.         -1.         -1.         -1.         -1.         -1.
 -1.         -1.         -0.81042416 -1.         -0.54771481 -1.
 -1.         -1.         -1.         -1.         -1.         -1.
 -1.         -1.         -0.93723713 -1.         -0.54771481 -1.
 -1.         -1.         -1.         -1.         -0.81042416 -0.88389571
 -1.         -1.         -0.81042416 -1.         -1.         -0.93957205]
Best fitness: 0.629468

Iteration 26
========================================
Best position: [-1.         -1.         -1.         -1.         -1.         -1.
 -1.         -1.         -0.81042416 -1.         -0.54771481 -1.
 -1.         -1.         -1.         -1.         -1.         -1.
 -1.         -1.         -0.93723713 -1.         -0.54771481 -1.
 -1.         -1.         -1.         -1.         -0.81042416 -0.88389571
 -1.         -1.         -0.81042416 -1.         -1.         -0.93957205]
Best fitness: 0.629468

Iteration 27
========================================
Best position: [-1.         -1.         -1.         -1.         -1.         -1.
 -1.         -1.         -0.81042416 -1.         -0.54771481 -1.
 -1.         -1.         -1.         -1.         -1.         -1.
 -1.         -1.         -0.93723713 -1.         -0.54771481 -1.
 -1.         -1.         -1.         -1.         -0.81042416 -0.88389571
 -1.         -1.         -0.81042416 -1.         -1.         -0.93957205]
Best fitness: 0.629468

Iteration 28
========================================
Best position: [-1.         -1.         -1.         -1.         -1.         -1.
 -1.         -1.         -0.81042416 -1.         -0.54771481 -1.
 -1.         -1.         -1.         -1.         -1.         -1.
 -1.         -1.         -0.93723713 -1.         -0.54771481 -1.
 -1.         -1.         -1.         -1.         -0.81042416 -0.88389571
 -1.         -1.         -0.81042416 -1.         -1.         -0.93957205]
Best fitness: 0.629468

Iteration 29
========================================
Best position: [-1.         -1.         -1.         -1.         -1.         -1.
 -1.         -1.         -0.81042416 -1.         -0.54771481 -1.
 -1.         -1.         -1.         -1.         -1.         -1.
 -1.         -1.         -0.93723713 -1.         -0.54771481 -1.
 -1.         -1.         -1.         -1.         -0.81042416 -0.88389571
 -1.         -1.         -0.81042416 -1.         -1.         -0.93957205]
Best fitness: 0.629468

Iteration 30
========================================
Best position: [-1.         -1.         -1.         -1.         -1.         -1.
 -1.         -1.         -0.81042416 -1.         -0.54771481 -1.
 -1.         -1.         -1.         -1.         -1.         -1.
 -1.         -1.         -0.93723713 -1.         -0.54771481 -1.
 -1.         -1.         -1.         -1.         -0.81042416 -0.88389571
 -1.         -1.         -0.81042416 -1.         -1.         -0.93957205]
Best fitness: 0.629468

Iteration 31
========================================
Best position: [-1.         -1.         -1.         -1.         -1.         -1.
 -1.         -1.         -0.81042416 -1.         -0.54771481 -1.
 -1.         -1.         -1.         -1.         -1.         -1.
 -1.         -1.         -0.93723713 -1.         -0.54771481 -1.
 -1.         -1.         -1.         -1.         -0.81042416 -0.88389571
 -1.         -1.         -0.81042416 -1.         -1.         -0.93957205]
Best fitness: 0.629468

Iteration 32
========================================
