Iteration 0
========================================
Best position: [ 0.27465222 -0.89277392 -1.          0.90406318 -0.85875087 -0.23050217
 -0.45120308 -0.73502707 -1.         -0.86331627  0.16762653 -0.58320547
 -0.52235235 -0.6623154  -0.75760844 -1.         -0.43834331 -0.96157363
 -1.         -1.          0.18278559  0.21365839 -0.08109794  0.70955573
 -0.329065   -1.         -0.21328783 -0.23794524 -0.53651667 -0.83015169
 -1.         -0.3882068   0.81635362 -0.9943964  -0.39441092  0.85151109
 -0.34555373 -0.44597596 -0.56939969 -0.97927187 -1.          0.20817948
  0.17398651  1.          1.          1.         -0.42744408 -0.1901954
  0.63982488  0.70577858 -0.93263341 -1.         -0.59221371 -1.
  0.50350966 -0.16331877 -1.         -0.19913311  0.06550716 -0.857246  ]
Best fitness: 0.205546

Iteration 1
========================================
Best position: [ 0.56285986 -1.         -1.         -0.27013585 -0.62073854 -0.23390022
 -0.94451095  0.38997836 -0.59084526 -0.66539725 -0.61145656 -1.
 -0.03262424 -0.81010239 -0.95189016 -1.         -0.20772513 -0.75814961
 -1.         -1.         -1.          0.69091441  1.          0.26193764
 -0.97697655 -1.         -0.56068782 -0.6089376  -0.95082122 -0.58118943
 -1.          0.15907136  0.6212372  -1.         -1.         -0.1559149
  0.69525191 -0.77606391 -0.770628   -1.         -0.86175103  1.
 -1.          0.75248207  0.48611121  1.         -1.         -1.
  1.          0.91984468 -0.06468119 -1.         -1.         -0.96199973
  1.          0.11698228 -1.          0.8548877   0.39047094 -0.42536289]
Best fitness: 0.164374

Iteration 2
========================================
Best position: [ 0.98057291 -1.         -1.         -0.75516478 -0.72466552 -0.64680352
 -0.99376938  1.         -0.64080297 -0.41969251 -0.26891953 -0.98194112
 -0.39959853 -1.         -0.92805826 -1.         -0.99226941 -0.54273576
 -1.         -1.         -1.          0.93651771  1.         -0.4364206
 -0.9927182  -1.         -1.         -1.         -1.          0.03524647
 -1.          0.81494367  1.         -1.         -1.          1.
  1.         -1.         -0.87149974 -1.         -0.51737073  1.
 -1.          0.77611902 -0.02633899  1.         -1.         -0.49543454
  1.          0.0758856  -0.05981957 -1.         -1.         -0.98167764
  1.          0.48997116 -1.          0.98027965  1.         -0.80601552]
Best fitness: 0.159997

Iteration 3
========================================
Best position: [ 0.3157658  -1.         -0.75760066 -0.48597735 -0.53250709 -0.94443208
 -0.31247788 -0.01482742 -0.0603571  -0.23274097 -1.         -0.95324044
  0.02731119 -1.         -0.98309321 -1.         -1.         -0.92668432
 -1.         -1.         -0.75303746  0.96535508  0.40654081 -1.
 -0.97817162 -1.         -1.         -0.27693332 -0.81579273 -0.0547309
 -1.          0.63498399  1.         -1.         -1.          0.29702078
  1.         -1.         -0.39591574 -1.         -0.59227665  1.
 -1.          1.          0.31431469  1.         -0.86553677  0.37460193
  1.         -0.45337326  0.62717473 -1.         -1.         -1.
  0.99642285  0.97082266 -1.          0.9996492   1.         -0.96993196]
Best fitness: 0.132587

Iteration 4
========================================
Best position: [-0.55929367 -1.         -0.53722228 -0.61644355 -0.33444897 -1.
 -0.52061536  0.02384597 -0.47833328  0.25930753 -1.         -0.92268265
  0.35929133 -1.         -0.97576127 -1.         -1.         -0.88727048
 -1.         -1.         -1.          0.95713915 -0.02804785 -1.
 -0.96866517 -1.         -1.         -0.40363288 -0.84232664  0.51777588
 -1.          1.          0.95719583 -1.         -1.          0.84090903
  1.         -1.         -0.77304036 -1.         -0.15675384  1.
 -1.          1.         -0.15836039  1.         -0.85360609  1.
  1.         -1.          0.86631574 -1.         -1.         -0.99195852
  0.99433352  1.         -1.          1.          1.         -1.        ]
Best fitness: 0.132531

Iteration 5
========================================
Best position: [ 0.20588825 -1.         -1.         -0.14141902  0.03790145 -1.
 -0.71072074 -0.73323593  0.0134062  -0.3557607  -0.75424849 -0.91596479
 -0.84172929 -1.         -0.64965346 -1.         -0.8286799  -0.89635841
 -1.         -1.         -0.46983999 -0.13584158 -0.18712965 -1.
 -0.9673743  -1.         -1.         -0.26013478 -0.89073631 -0.62348289
 -1.          0.29338964  0.83919594 -1.         -0.91951332 -1.
  0.99834336 -1.          0.25521269 -0.9999713  -0.07729819  0.99679748
 -0.60205193  1.         -0.93476782  1.         -0.63188642  0.60568285
  1.         -0.00478441  0.63711042 -1.         -1.         -0.90311881
  0.99552841  0.99300091 -1.          0.98809687  0.95185539 -1.        ]
Best fitness: 0.104464

Iteration 6
========================================
Best position: [ 0.08856707 -1.         -1.         -0.27880244  0.03479679 -1.
 -0.8709938  -0.04650619 -0.57234521 -0.4629282  -0.68441696 -0.9616328
 -0.98852341 -1.         -0.74473187 -1.         -0.89270843 -0.82999378
 -1.         -1.         -0.28886602 -0.48399055 -0.55372382 -1.
 -0.96271871 -1.         -0.69532661 -0.14957575 -0.90281161 -0.56494269
 -1.         -0.3616957   0.65410744 -1.         -0.84042299 -1.
  0.9900129  -1.          1.         -0.99993858  0.05653325  0.99409386
  0.03659777  0.98215753 -0.98173128  1.         -0.36554554  1.
  1.          0.4952375   0.3707047  -1.         -1.         -0.86549837
  0.99492959  0.99912025 -1.          0.9593957   0.31019242 -1.        ]
Best fitness: 0.102064

Iteration 7
========================================
Best position: [-0.01946169 -1.         -0.93719325 -0.03636997 -0.08020009 -1.
 -0.93491241 -0.79283915 -0.5738365  -0.35720191 -0.73422148 -0.94629288
 -0.98694974 -1.         -0.40392114 -1.         -0.94769696 -0.78472486
 -1.         -1.         -0.56719159 -0.41845693 -0.39495489 -1.
 -0.96158413 -1.         -0.62046511 -0.17421932 -0.90142899 -0.25765562
 -1.         -0.22866808  0.70968903 -1.         -0.89590576 -1.
  0.99255455 -1.          0.31004274 -0.99994714 -0.27974973  0.9917216
 -0.20000376  0.98345352 -0.29205244  1.         -0.47639297  0.99648791
  1.          0.88657131  0.48303061 -1.         -1.         -0.81706889
  0.99508654  0.99974378 -1.          0.96093356  0.30402186 -0.98828838]
Best fitness: 0.101786

Iteration 8
========================================
Best position: [-0.01946169 -1.         -0.93719325 -0.03636997 -0.08020009 -1.
 -0.93491241 -0.79283915 -0.5738365  -0.35720191 -0.73422148 -0.94629288
 -0.98694974 -1.         -0.40392114 -1.         -0.94769696 -0.78472486
 -1.         -1.         -0.56719159 -0.41845693 -0.39495489 -1.
 -0.96158413 -1.         -0.62046511 -0.17421932 -0.90142899 -0.25765562
 -1.         -0.22866808  0.70968903 -1.         -0.89590576 -1.
  0.99255455 -1.          0.31004274 -0.99994714 -0.27974973  0.9917216
 -0.20000376  0.98345352 -0.29205244  1.         -0.47639297  0.99648791
  1.          0.88657131  0.48303061 -1.         -1.         -0.81706889
  0.99508654  0.99974378 -1.          0.96093356  0.30402186 -0.98828838]
Best fitness: 0.101786

Iteration 9
========================================
Best position: [-0.28978643 -1.         -0.90115118 -0.03142358  0.00563756 -1.
 -0.96861059 -0.64453016 -0.54792665 -0.11859669 -0.70275668 -0.8673878
 -1.         -1.         -0.43978081 -1.         -0.89383467 -0.61370727
 -1.         -1.         -0.32049476 -0.14853125 -0.21090747 -1.
 -0.9424959  -1.         -0.62363925 -0.59104398 -0.78773188 -0.38919585
 -1.          0.68746963  0.61286968 -1.         -0.8351174  -0.89081594
  0.98155127 -1.          0.63930649 -0.99996365 -0.30843213  0.99267701
  0.75464633  0.98071187 -0.12950223  1.         -0.41484312  0.94468289
  1.          0.93490299  0.11861794 -1.         -1.         -0.76830266
  0.99587191  0.99994789 -1.          0.95613363  0.0721106  -0.98288234]
Best fitness: 0.092390

Iteration 10
========================================
Best position: [-0.28978643 -1.         -0.90115118 -0.03142358  0.00563756 -1.
 -0.96861059 -0.64453016 -0.54792665 -0.11859669 -0.70275668 -0.8673878
 -1.         -1.         -0.43978081 -1.         -0.89383467 -0.61370727
 -1.         -1.         -0.32049476 -0.14853125 -0.21090747 -1.
 -0.9424959  -1.         -0.62363925 -0.59104398 -0.78773188 -0.38919585
 -1.          0.68746963  0.61286968 -1.         -0.8351174  -0.89081594
  0.98155127 -1.          0.63930649 -0.99996365 -0.30843213  0.99267701
  0.75464633  0.98071187 -0.12950223  1.         -0.41484312  0.94468289
  1.          0.93490299  0.11861794 -1.         -1.         -0.76830266
  0.99587191  0.99994789 -1.          0.95613363  0.0721106  -0.98288234]
Best fitness: 0.092390

Iteration 11
========================================
Best position: [-0.30844744 -1.         -0.91227521 -0.05317094 -0.20527985 -1.
 -0.92387745 -0.79426697 -0.61947428 -0.05504057 -1.         -0.78082345
 -0.98786982 -0.99238263 -0.44442282 -1.         -0.84363384 -0.65340161
 -1.         -1.         -0.2554303  -0.0879395  -0.39818161 -0.98582851
 -0.92847763 -1.         -0.58809319 -0.10087688 -0.73818615 -0.27572646
 -1.          0.92410799  0.53697882 -1.         -0.87405858  0.1987671
  0.97519577 -1.          0.55869323 -0.99996832 -0.3632423   0.99434746
  0.85016011  0.97985999  0.75202977  1.         -0.40057967  0.84290289
  1.          0.91383968  0.20024735 -1.         -1.         -0.75580565
  0.99653618  0.99657133 -1.          0.95153645  0.45968671 -0.97881364]
Best fitness: 0.088731

Iteration 12
========================================
Best position: [-0.1732151  -1.         -0.98007212 -0.50202121 -0.40450756 -1.
 -0.80758109 -0.52544475 -1.         -0.67700915 -0.93299121 -0.65067314
 -0.97306491 -0.99297    -0.65931393 -1.         -0.83913574 -0.84431917
 -1.         -1.         -0.47568698 -0.33767308 -0.20141698 -0.97571434
 -0.96747174 -1.         -0.90515313 -0.16038409 -0.64269288 -0.54316979
 -1.          1.          0.54683466 -1.         -0.80661486  1.
  0.97467023 -1.          0.75864759 -0.99998873  0.15022595  0.99179511
  0.63804477  0.96985554  0.91144076  1.         -0.45193367  0.80601688
  1.          0.84220819  0.91645673 -1.         -1.         -0.86119644
  0.99695581  0.99175312 -1.          0.96949254  0.38610096 -0.62995734]
Best fitness: 0.081834

Iteration 13
========================================
Best position: [-0.35416433 -1.         -0.79457531 -0.29948652 -0.17280269 -0.9964185
 -0.76135063 -0.54914029 -0.24540076 -0.21082679 -0.99152265 -0.55602783
 -0.98128865 -0.98731075 -0.56650888 -1.         -0.81164498 -0.95301369
 -1.         -1.         -0.46475717 -0.09057285 -0.30923982 -0.97044873
 -0.95192537 -1.         -0.4601149  -0.36187463 -0.61626365 -0.44380834
 -1.          1.          0.75066267 -1.         -0.85535703  0.21191051
  0.9777675  -1.          0.7499774  -0.99996817  0.41347677  0.99285195
  0.68683708  0.96555204  0.03992907  1.         -0.19221896  0.81442534
  1.          0.78746241  1.         -1.         -1.         -0.7998909
  0.99710022  0.99624376 -1.          0.96077302  0.28268393 -0.90871925]
Best fitness: 0.077335

Iteration 14
========================================
Best position: [-0.30820746 -1.         -0.71849065 -0.78316428  0.16221838 -0.99594951
 -0.68733778 -0.45892046 -0.07636155 -0.30862057 -0.93643407 -0.69643015
 -1.         -0.98703451 -0.5954418  -1.         -0.81917815 -0.93211288
 -1.         -1.         -0.68381721 -0.13560582 -0.36148845 -0.96336151
 -0.97718017 -1.         -0.42016721 -0.43974712 -0.60257796 -0.4255426
 -1.          1.          0.89987385 -1.         -0.80404831  0.31683052
  0.96992295 -1.          0.91640692 -0.99996314  0.47129912  0.99088955
  0.5425802   0.96070601  0.33390456  1.         -0.06238424  0.81091871
  1.          0.85277541  1.         -1.         -1.         -0.88740601
  0.99701184  0.99342851 -1.          0.96786926  0.56408783 -0.86288545]
Best fitness: 0.075765

Iteration 15
========================================
Best position: [-0.42790624 -1.         -0.80533523 -0.65525661  0.14150587 -0.99717395
 -0.6848923  -0.50224929 -0.61833238 -0.66580751 -0.92692222 -0.52411096
 -0.99215053 -0.97923555 -0.59693689 -1.         -0.80054672 -0.75414523
 -1.         -1.         -0.6925732  -0.29665552 -0.28188792 -0.96617557
 -0.96036144 -1.         -0.47231414 -0.74235217 -0.6101747  -0.58338553
 -1.          0.98628109  0.706156   -1.         -0.82433224  0.68015016
  0.96699023 -1.          1.         -0.99996233  1.          0.98977092
  0.70226981  0.96798257  0.43446632  1.         -0.25538469  0.90923135
  1.          0.83490769  1.         -1.         -1.         -0.86385335
  0.99814972  0.99248149 -1.          0.9721083   0.9284666  -0.9392519 ]
Best fitness: 0.072570

Iteration 16
========================================
Best position: [-0.409937   -1.         -0.77757845 -0.69293457 -0.01722759 -0.99628968
 -0.68565778 -0.56068649 -0.22099893 -0.57062541 -0.97025829 -0.56410151
 -0.98906246 -0.98330322 -0.64482037 -1.         -0.7758628  -0.72640446
 -1.         -1.         -0.42208473 -0.51718959 -0.33099883 -0.96673024
 -0.97435365 -1.         -0.37223515 -0.54892556 -0.58301573 -0.61026137
 -1.          0.99195367  0.65361044 -1.         -0.85552811  1.
  0.95808216 -1.          0.94611241 -0.99995842  0.81444895  0.99066919
  0.62868559  0.96539828 -0.30357609  1.          0.04502861  0.80489235
  1.          0.93363249  1.         -1.         -1.         -0.86993951
  0.9976548   0.99186842 -1.          0.9715548   1.         -1.        ]
Best fitness: 0.071052

Iteration 17
========================================
Best position: [-0.409937   -1.         -0.77757845 -0.69293457 -0.01722759 -0.99628968
 -0.68565778 -0.56068649 -0.22099893 -0.57062541 -0.97025829 -0.56410151
 -0.98906246 -0.98330322 -0.64482037 -1.         -0.7758628  -0.72640446
 -1.         -1.         -0.42208473 -0.51718959 -0.33099883 -0.96673024
 -0.97435365 -1.         -0.37223515 -0.54892556 -0.58301573 -0.61026137
 -1.          0.99195367  0.65361044 -1.         -0.85552811  1.
  0.95808216 -1.          0.94611241 -0.99995842  0.81444895  0.99066919
  0.62868559  0.96539828 -0.30357609  1.          0.04502861  0.80489235
  1.          0.93363249  1.         -1.         -1.         -0.86993951
  0.9976548   0.99186842 -1.          0.9715548   1.         -1.        ]
Best fitness: 0.071052

Iteration 18
========================================
Best position: [-0.36124716 -1.         -0.7799176  -0.30854066 -0.13878836 -0.99582049
 -0.56383952 -0.50423264 -0.24774184 -0.5359604  -0.96613302 -0.69513644
 -0.98657834 -0.98764735 -0.72379613 -1.         -0.77332115 -0.54924309
 -1.         -1.         -0.58922477 -0.39537887 -0.29001846 -0.96790038
 -0.96387537 -1.         -0.23630076 -0.49765619 -0.5211594  -0.68455596
 -1.          0.95933446  0.90303537 -1.         -0.85043887  0.8351797
  0.95574205 -1.          0.93696584 -0.99995138  0.82901652  0.99275586
  0.64754143  0.96272926 -0.63771839  1.          0.57420712  0.71082957
  1.          1.          0.98438441 -1.         -1.         -0.9159857
  0.9986711   0.99223358 -1.          0.97174679  1.         -1.        ]
Best fitness: 0.070231

Iteration 19
========================================
Best position: [-0.26658054 -1.         -0.61645393 -0.42018414 -0.37882334 -0.9961317
 -0.51991456 -0.43080325 -0.54996765 -0.38231656 -0.94204884 -0.77210577
 -0.99663783 -0.98705429 -0.72041892 -1.         -0.81452747 -0.6463856
 -1.         -1.         -0.6853385  -0.1709867  -0.26166439 -0.96317867
 -0.96399552 -1.         -0.46059428 -0.3537975  -0.54815272 -0.71593567
 -1.          0.97741711  1.         -1.         -0.85026777  0.63530763
  0.96135368 -1.          0.65123862 -0.99993392  1.          0.99040685
  0.66632789  0.96349681 -0.10676133  1.          0.08853841  0.75749388
  1.          0.95939754  0.97738683 -1.         -1.         -0.86557499
  0.99719698  0.9930651  -1.          0.97320771  0.92002375 -0.6963099 ]
Best fitness: 0.069086

Iteration 20
========================================
Best position: [-0.27044991 -1.         -0.63317418 -0.28075406 -0.31751589 -0.99371887
 -0.51672078 -0.53201843 -0.33020993 -0.65623145 -0.98226604 -0.95649415
 -1.         -0.98912871 -0.72877282 -1.         -0.81993053 -0.66537526
 -1.         -1.         -0.69698655 -0.09237752 -0.43258489 -0.96298636
 -0.95740652 -1.         -0.39772202 -0.5025238  -0.58968982 -0.90437582
 -1.          0.98761231  0.97252051 -1.         -0.87739887  0.61967328
  0.96852918 -1.          0.79177146 -0.99992193  1.          0.99115159
  0.67979117  0.96117615  0.67200869  1.          0.53788402  0.77524799
  1.          0.98826841  0.92683047 -1.         -0.99997937 -0.82086608
  0.99743926  0.99310223 -1.          0.97145884  0.66676205 -0.90089064]
Best fitness: 0.068968

Iteration 21
========================================
Best position: [-0.23021689 -1.         -0.4324019  -0.47428559 -0.42806102 -0.99125736
 -0.35790501 -0.46343543 -0.29545068 -0.77676782 -0.9401932  -0.60567923
 -0.98871347 -0.98770076 -0.82540281 -1.         -0.81780794 -0.75889605
 -1.         -1.         -0.58380641  0.03418448 -0.38113359 -0.96013376
 -0.96491289 -1.         -0.52719763 -0.16828175 -0.37754676 -0.80457161
 -1.          0.9742994   0.96208437 -1.         -0.87741252  0.68227437
  0.96772079 -1.          0.88667783 -0.99993815  0.99399835  0.98942147
  0.86706111  0.95984604  1.          1.          1.          0.73978938
  1.          1.          0.9762818  -1.         -0.99996392 -0.7799502
  0.99787308  0.99216963 -1.          0.96839686  0.77958608 -0.81861716]
Best fitness: 0.067584

Iteration 22
========================================
Best position: [-0.32545074 -1.         -0.30765964 -0.38527989 -0.40760932 -0.99115995
 -0.57008012 -0.70337042 -0.45706894 -0.87290369 -0.95557975 -0.8295544
 -0.98286893 -0.97676295 -0.85474852 -1.         -0.78092621 -0.70929441
 -1.         -1.         -0.45763967 -0.18573387 -0.56237562 -0.9505893
 -0.95647835 -1.         -0.46765042 -0.52260753 -0.3753694  -0.87581196
 -1.          0.98190847  0.81858931 -1.         -0.94718392  0.44786068
  0.96936518 -1.          0.99599486 -0.99992203  0.96482535  0.9871833
  1.          0.9819252   0.98162048  1.          0.88845228  0.98390042
  1.          0.99298646  0.93551899 -1.         -0.9999936  -0.6988012
  0.99806854  0.98666442 -1.          0.95316398  0.98161114 -0.91489844]
Best fitness: 0.066999

Iteration 23
========================================
Best position: [-0.35993686 -1.         -0.46375091 -0.48218201 -0.20856688 -0.99174271
 -0.66326506 -0.49395211 -0.44452131 -0.7689005  -0.85381441 -0.40677225
 -0.95136511 -0.97682657 -0.89370314 -1.         -0.81973124 -0.69310415
 -1.         -1.         -0.42448319 -0.27649869 -0.5096067  -0.9384798
 -0.95875032 -1.         -0.38358481 -0.25449305 -0.51527332 -0.7176109
 -1.          0.97874289  0.97970957 -1.         -0.94575627  0.75541241
  0.97657939 -1.          0.57464983 -0.99993845  1.          0.99088739
  1.          0.98409259  1.          1.          0.64621904  0.82828013
  1.          0.99233533  0.96181195 -1.         -0.99999336 -0.79816621
  0.99785964  0.99106121 -1.          0.94367461  1.         -0.87915642]
Best fitness: 0.064856

Iteration 24
========================================
Best position: [-0.35993686 -1.         -0.46375091 -0.48218201 -0.20856688 -0.99174271
 -0.66326506 -0.49395211 -0.44452131 -0.7689005  -0.85381441 -0.40677225
 -0.95136511 -0.97682657 -0.89370314 -1.         -0.81973124 -0.69310415
 -1.         -1.         -0.42448319 -0.27649869 -0.5096067  -0.9384798
 -0.95875032 -1.         -0.38358481 -0.25449305 -0.51527332 -0.7176109
 -1.          0.97874289  0.97970957 -1.         -0.94575627  0.75541241
  0.97657939 -1.          0.57464983 -0.99993845  1.          0.99088739
  1.          0.98409259  1.          1.          0.64621904  0.82828013
  1.          0.99233533  0.96181195 -1.         -0.99999336 -0.79816621
  0.99785964  0.99106121 -1.          0.94367461  1.         -0.87915642]
Best fitness: 0.064856

Iteration 25
========================================
Best position: [-0.27945355 -1.         -0.439657   -0.76469293 -0.18986581 -0.98861408
 -0.76675567 -0.55204886 -0.77547873 -0.4870096  -0.81785878 -0.68243684
 -0.95657241 -0.99746593 -0.85931948 -1.         -0.88402237 -0.73918983
 -1.         -1.         -0.58515135 -0.29984486 -0.42634794 -0.9096366
 -0.95982086 -1.         -0.5076924  -0.27088294 -0.61388774 -0.5925757
 -1.          0.98041313  0.95870218 -1.         -0.86126293  0.75854303
  0.97902542 -1.          0.8947598  -0.99993477  1.          0.98806163
  0.96365264  0.97865912  0.96531846  1.          0.75562364  0.8243232
  1.          0.99904007  0.99899942 -1.         -0.99999917 -0.80726325
  0.99785495  0.98585199 -1.          0.94795343  0.83006859 -0.85580927]
Best fitness: 0.062895

Iteration 26
========================================
Best position: [-0.28838128 -1.         -0.43348819 -0.82850289 -0.20497022 -0.98783626
 -0.83255433 -0.49615386 -0.46958309 -0.57521883 -0.82824665 -0.62318711
 -0.97246771 -0.98329801 -0.87471034 -1.         -0.82370607 -0.74418579
 -1.         -1.         -0.51386567 -0.41640437 -0.45867768 -0.91972697
 -0.96030509 -1.         -0.41096404 -0.25128157 -0.46017869 -0.60433599
 -1.          0.98707262  0.81224876 -1.         -0.87359134  0.96342932
  0.98042926 -1.          1.         -0.99993775  1.          0.99122502
  1.          0.98060338  0.92477505  1.          0.64510459  0.87699557
  1.          0.9918527   0.95226295 -1.         -0.99998231 -0.83011642
  0.99763287  0.99089477 -1.          0.94874465  0.82297297 -0.83420561]
Best fitness: 0.062538

Iteration 27
========================================
Best position: [-0.3441415  -1.         -0.45238277 -0.71337339 -0.08568222 -0.98758326
 -0.68708985 -0.42799592 -0.58091685 -0.31202361 -0.96081507 -0.88288931
 -1.         -0.99364398 -0.786899   -1.         -1.         -0.81537868
 -1.         -1.         -0.56916186 -0.23917816 -0.32867936 -0.91368444
 -0.95083168 -1.         -0.37913199 -0.19340053 -0.76102335 -0.4389534
 -1.          0.98691041  0.99296188 -1.         -1.          0.9970178
  0.97862895 -1.          1.         -0.99993879  0.99849015  0.99400319
  1.          0.96991897  0.7270228   1.          0.67042249  0.94692835
  1.          0.98717194  0.99797828 -1.         -0.99997024 -0.81500885
  0.99765533  0.98687102 -1.          0.98099731  1.         -0.73584043]
Best fitness: 0.061454

Iteration 28
========================================
Best position: [-0.3441415  -1.         -0.45238277 -0.71337339 -0.08568222 -0.98758326
 -0.68708985 -0.42799592 -0.58091685 -0.31202361 -0.96081507 -0.88288931
 -1.         -0.99364398 -0.786899   -1.         -1.         -0.81537868
 -1.         -1.         -0.56916186 -0.23917816 -0.32867936 -0.91368444
 -0.95083168 -1.         -0.37913199 -0.19340053 -0.76102335 -0.4389534
 -1.          0.98691041  0.99296188 -1.         -1.          0.9970178
  0.97862895 -1.          1.         -0.99993879  0.99849015  0.99400319
  1.          0.96991897  0.7270228   1.          0.67042249  0.94692835
  1.          0.98717194  0.99797828 -1.         -0.99997024 -0.81500885
  0.99765533  0.98687102 -1.          0.98099731  1.         -0.73584043]
Best fitness: 0.061454

Iteration 29
========================================
Best position: [-0.37978714 -1.         -0.39834862 -0.54699831 -0.13215649 -0.99060501
 -0.76943166 -0.5503442  -0.47535683 -0.35758693 -0.94766235 -0.89088943
 -0.99791868 -0.99671333 -0.69610895 -1.         -0.93937876 -0.76603558
 -1.         -1.         -0.6968132  -0.18383552 -0.3487617  -0.92462395
 -0.96565312 -1.         -0.48392059 -0.10331408 -0.5453083  -0.52805302
 -1.          0.98868995  0.91085457 -1.         -0.99959278  0.98293705
  0.97791247 -1.          0.9996738  -0.99994065  0.97134252  0.99253175
  0.99711339  0.96443355  0.73497696  1.          0.72131938  0.9044425
  1.          0.99278138  0.95312687 -1.         -0.99998658 -0.73823878
  0.99777823  0.98854693 -1.          0.98183526  0.93280435 -0.72308369]
Best fitness: 0.061137

Iteration 30
