Iteration 0
========================================
Best position: [ 0.28536023  0.79434944  0.20568685 -0.3179638  -1.         -1.
 -0.64288066 -0.05747086 -1.          0.71032839 -0.79263678 -0.39609902
  0.76962176  0.75185004 -0.46962288 -0.86369347 -0.14382645  0.33058836
  0.69633089  0.07573738 -0.22023943 -0.53145938 -0.19300918 -1.
 -0.23035011  0.67920169 -1.         -1.         -0.48977836  0.88197411
 -0.77838994  0.05298011  0.55478641 -0.78055089  0.05120558 -0.87751056
 -0.28293409 -0.39705391  0.13363926]
Best fitness: 0.267028

Iteration 1
========================================
Best position: [-0.64076651  0.40371889  0.77335729 -1.         -0.96995957 -1.
 -0.65014348  0.66308597 -0.99237153  0.35930564 -1.         -0.89913039
  1.          0.62473978 -0.44739108 -1.         -0.63107067  0.27158304
  0.18944727  0.44262634 -0.23113795 -0.83101705  0.50286789 -0.725429
  0.61388195  0.96757139 -1.         -1.         -0.60057666  0.99586559
 -0.15044984 -0.46819456  1.         -0.56659145 -0.33843513 -0.49842819
  0.89770027  0.16971149 -0.58777341]
Best fitness: 0.278076

Iteration 2
========================================
Best position: [-0.30556153  1.          1.         -1.         -1.         -0.81324016
 -0.64443735  0.59964702 -0.30372645  0.59199915 -0.95935752 -0.86560435
  1.          0.20425068  0.19294808 -0.75909563 -0.91008469  0.00490409
  1.          0.56230743  1.          0.28109308  1.          0.2061399
  1.          0.96546211 -1.         -0.93129021 -0.63518243  0.99819854
  0.42793001 -0.58324674  1.         -0.13084244  1.         -0.8717756
  1.         -0.49900535 -0.91053017]
Best fitness: 0.286563

Iteration 3
========================================
Best position: [-1.86438447e-01  4.04098345e-01  7.10223159e-01 -1.00000000e+00
 -9.73745588e-01 -5.97320697e-01 -9.55288344e-01  2.52020103e-01
 -1.00000000e+00  8.90403116e-01 -1.00000000e+00 -1.00000000e+00
  1.00000000e+00  2.69552288e-01 -2.98279711e-02 -1.00000000e+00
  4.63281446e-01 -7.88042395e-04 -5.11732545e-02  8.61349316e-01
  1.65217823e-01 -6.39061097e-01  5.85910539e-01 -3.84899280e-01
  9.81419207e-01  9.95084869e-01 -1.00000000e+00 -6.85468103e-01
 -7.69566499e-01  9.97159865e-01 -8.49955682e-01 -8.62446212e-01
  9.94519967e-01 -2.83226679e-01 -1.30274052e-01 -9.01433235e-01
  8.29612217e-01 -4.95055188e-01 -1.00000000e+00]
Best fitness: 0.295235

Iteration 4
========================================
Best position: [-0.03325902  0.79789994  0.6515619  -0.80171189 -0.94449768 -0.61642525
 -0.95039779  0.80679813 -0.84331489  0.92173521 -0.94937482 -1.
  1.          0.73547909  0.44495516 -1.         -0.76697909  0.53398397
  0.34173418  0.72637365 -0.09899439 -0.69933993  0.8599006  -0.1582579
  0.97208755  1.         -1.         -0.76074488 -0.94463305  0.99853865
 -0.09764734 -0.98334689  0.99195024  0.23446647  0.29892187 -0.80410905
  0.92387198  0.04601309 -1.        ]
Best fitness: 0.295963

Iteration 5
========================================
Best position: [-0.39722825  0.44449871  0.36245547 -0.85089334 -0.96609472 -0.67071293
 -0.97395091  0.50332859 -0.81836235  0.95141059 -0.98701229 -0.90144289
  0.84964302  0.68657858 -0.02611378 -0.79349848  0.24734017  0.33953958
  0.11896343  0.9085358   0.22277061 -0.91635291  0.43658176 -0.15622159
  0.90859332  0.99024751 -0.83575564 -0.58513609 -0.93291844  0.99697735
 -0.8332651  -0.87204052  0.95992332 -0.01172687 -0.89023381 -0.922711
  1.          0.44999088 -1.        ]
Best fitness: 0.300247

Iteration 6
========================================
Best position: [-0.89369249 -0.07642012  0.70391305 -0.88992431 -1.         -0.93604927
 -0.99293795  1.         -0.78070095  1.         -0.36738642 -0.85895037
  0.94430133  0.67301031  0.63676386 -0.97394834  0.65620006  0.39145468
  0.21008602  0.76214802 -0.40378689 -0.08710531  0.51552826  0.35977383
  0.87135363  0.99820723 -1.         -0.26950882 -1.          0.99842503
 -0.56849369 -0.94045318  0.94203236  0.25652782  0.11158857 -1.
  1.         -0.01573772 -1.        ]
Best fitness: 0.300462

Iteration 7
========================================
Best position: [-0.27641332  0.432722    0.61070869 -0.88062561 -0.94984131 -0.83947608
 -0.98059067  0.67272151 -0.82502871  0.97301794 -0.80575209 -0.96646018
  0.91558333  0.71215431  0.3333133  -0.90164414  0.66144285  0.70749815
  0.17558048  0.61336253  0.05291015 -0.50375567  0.62166735  0.13094892
  0.75767471  0.99886042 -0.91103598 -0.29493008 -0.96698044  0.99819949
 -0.96018687 -0.92158996  0.94650612 -0.02394126 -0.7175271  -0.88791212
  0.94363993  0.08112641 -1.        ]
Best fitness: 0.301346

Iteration 8
========================================
Best position: [-0.20948576  0.45340175  0.39881229 -0.91787186 -0.95015094 -0.62121991
 -0.98027438  0.19675176 -0.87913375  0.90369998 -1.         -0.95909593
  0.89298385  0.71093101  0.00458465 -0.78063639  0.6154209   0.72110797
  0.34305525  0.54148153  0.17883669 -0.66449848  0.73323621  0.06138061
  0.7884622   0.99845454 -0.76612186 -0.429728   -0.90438181  0.99892157
 -0.97116372 -0.93265077  0.92333236 -0.01204685 -0.79578613 -0.98888711
  0.96646333  0.03084263 -0.98067828]
Best fitness: 0.301637

Iteration 9
========================================
Best position: [-0.20948576  0.45340175  0.39881229 -0.91787186 -0.95015094 -0.62121991
 -0.98027438  0.19675176 -0.87913375  0.90369998 -1.         -0.95909593
  0.89298385  0.71093101  0.00458465 -0.78063639  0.6154209   0.72110797
  0.34305525  0.54148153  0.17883669 -0.66449848  0.73323621  0.06138061
  0.7884622   0.99845454 -0.76612186 -0.429728   -0.90438181  0.99892157
 -0.97116372 -0.93265077  0.92333236 -0.01204685 -0.79578613 -0.98888711
  0.96646333  0.03084263 -0.98067828]
Best fitness: 0.301637

Iteration 10
========================================
Best position: [-0.20948576  0.45340175  0.39881229 -0.91787186 -0.95015094 -0.62121991
 -0.98027438  0.19675176 -0.87913375  0.90369998 -1.         -0.95909593
  0.89298385  0.71093101  0.00458465 -0.78063639  0.6154209   0.72110797
  0.34305525  0.54148153  0.17883669 -0.66449848  0.73323621  0.06138061
  0.7884622   0.99845454 -0.76612186 -0.429728   -0.90438181  0.99892157
 -0.97116372 -0.93265077  0.92333236 -0.01204685 -0.79578613 -0.98888711
  0.96646333  0.03084263 -0.98067828]
Best fitness: 0.301637

Iteration 11
========================================
Best position: [-0.20948576  0.45340175  0.39881229 -0.91787186 -0.95015094 -0.62121991
 -0.98027438  0.19675176 -0.87913375  0.90369998 -1.         -0.95909593
  0.89298385  0.71093101  0.00458465 -0.78063639  0.6154209   0.72110797
  0.34305525  0.54148153  0.17883669 -0.66449848  0.73323621  0.06138061
  0.7884622   0.99845454 -0.76612186 -0.429728   -0.90438181  0.99892157
 -0.97116372 -0.93265077  0.92333236 -0.01204685 -0.79578613 -0.98888711
  0.96646333  0.03084263 -0.98067828]
Best fitness: 0.301637

Iteration 12
========================================
Best position: [-0.20948576  0.45340175  0.39881229 -0.91787186 -0.95015094 -0.62121991
 -0.98027438  0.19675176 -0.87913375  0.90369998 -1.         -0.95909593
  0.89298385  0.71093101  0.00458465 -0.78063639  0.6154209   0.72110797
  0.34305525  0.54148153  0.17883669 -0.66449848  0.73323621  0.06138061
  0.7884622   0.99845454 -0.76612186 -0.429728   -0.90438181  0.99892157
 -0.97116372 -0.93265077  0.92333236 -0.01204685 -0.79578613 -0.98888711
  0.96646333  0.03084263 -0.98067828]
Best fitness: 0.301637

Iteration 13
========================================
Best position: [-0.20948576  0.45340175  0.39881229 -0.91787186 -0.95015094 -0.62121991
 -0.98027438  0.19675176 -0.87913375  0.90369998 -1.         -0.95909593
  0.89298385  0.71093101  0.00458465 -0.78063639  0.6154209   0.72110797
  0.34305525  0.54148153  0.17883669 -0.66449848  0.73323621  0.06138061
  0.7884622   0.99845454 -0.76612186 -0.429728   -0.90438181  0.99892157
 -0.97116372 -0.93265077  0.92333236 -0.01204685 -0.79578613 -0.98888711
  0.96646333  0.03084263 -0.98067828]
Best fitness: 0.301637

Iteration 14
========================================
