Iteration 0
========================================
Best position: [-4.38678440e+01  4.79221142e+00  1.28293585e+01  1.52097896e+01
 -5.75105432e+01  2.24321457e+01 -7.41247527e-01 -7.68964927e+01
  5.38139809e+01 -3.73736725e+01  5.53603405e+01  1.52050359e+01
 -1.26980151e+01  1.04311385e+01 -1.66226249e+01  2.72032594e+01
  9.12288347e+01 -5.95170458e+01 -6.05199056e+01  1.79436339e+01
  6.93661603e+01  2.14071939e+01 -4.73588504e+01 -1.00000000e+02
  9.15696901e+01 -5.93076604e-01  9.06346441e+01  9.16346441e+01
  9.15696901e+01  2.64481409e+01  2.76595578e+01  2.81295325e+01
  1.63909609e+01 -1.12455602e+01 -2.16037370e+01  2.56957402e+01
 -5.04790794e+01  2.49599062e+01 -3.81374345e+01 -3.96769336e+00
  4.86681942e+01  3.92879395e+01  1.60001927e+01  1.66244186e+01
  9.16346441e+01 -4.49088384e+01 -7.53043005e+01 -8.35523133e+01
 -2.17305611e+00  4.26203437e+01  9.06995982e+01 -4.19867210e+01
  1.60960972e+01  1.11413357e+01 -8.58132214e+01 -3.27093512e+01
 -1.09370954e+01 -8.01677469e+00 -4.32532657e+00  3.27748923e+01
 -2.31085263e+01 -2.84579455e+01 -3.00849020e+01  3.86055738e+01
  3.27097681e+01  2.67888559e+01 -4.82671915e+01  2.74369847e+01
 -5.03622843e+01  3.99351214e+01  3.52843840e+00  4.75765922e+01
  1.13932626e+01 -6.39045185e+01  9.16044508e+00  2.17296511e+01
  2.17325901e+01  4.47491496e+01  3.72746563e+00 -7.29239801e+01
  3.92462822e+00  1.09166245e+01 -9.96198622e+00  8.17652824e+00
 -6.97306877e+01  9.06346441e+01 -5.52991091e+01 -1.18294407e+01
 -9.98760260e+01 -1.00000000e+02 -4.07720776e+01 -2.02541426e+01
 -4.36155913e-01 -3.92572686e+01 -2.29464657e+01  5.49930360e-02
  4.44872794e+01 -4.99384456e+01 -3.74845733e+01  7.77817107e+01]
Best fitness: 225732.736182

Iteration 1
========================================
Best position: [ -33.52927181  -48.94568044    7.58919246   33.82347286   -3.36083357
   15.91522582   19.01820244  -28.12844214   94.95638614  -36.67573811
  -16.74183905  -33.57331605   26.32241403    5.50168198  -33.44117397
   32.47346635   62.68922783    6.19148253  -47.00355427   56.13172709
  -18.13891999    6.81779283  -21.7598677   -56.84408227   15.5697452
   17.98007147   46.49419259   48.31612354   54.12396852   13.3066661
    9.07833737   36.21119242   15.53662316  -30.37446998   16.22041136
   -5.85600897  -62.41460317   -2.66973072  -37.56897026    5.15658519
  -86.58723639   49.10187657    8.65586218  -53.04309816   88.09143664
   20.50418687  -57.7933665   -55.05273039   16.38114634  -58.99633709
   72.4890325   -48.49362712   67.92969616   17.25918061  -73.00836219
   15.3863033    28.08725139  -32.4963219   -20.60496141   43.21742733
  -28.3552224    56.87637204  -26.88387793  -14.52225127   -8.30473617
    0.89536033   25.67116366   28.49801359    3.61840397   55.76308236
   70.4574879    66.34543835   25.53083466 -100.           17.77857998
   20.09901269   45.31993453   19.65592081   22.65885528  -44.84318314
    9.36960655  -53.15868884    9.87371555  -43.3912525  -100.
   94.95638614  -34.83201286  -56.94436747  -38.57638012  -87.87527037
   -8.99064956  -45.38404861  -95.25686739    3.12008018  -42.87891586
  -56.32650861   11.35261814  -66.75591437    6.43865505   74.70542601]
Best fitness: 203255.267574

Iteration 2
========================================
Best position: [  1.22552304 -14.31584272  20.94361814  15.95715454 -67.48078168
  31.91280516  34.90313305 -78.3789562  100.          14.30951516
 -16.69376049 -27.75995668  -6.53218698  -8.53675098 -29.46271068
  24.39960973  70.40952656  -4.65959238 -66.7256066   63.87879896
   7.72421314  55.61405677 -31.3280395  -62.05767984  53.06582962
  25.03083436  44.24193403  57.23641785  41.49483822  68.69295523
  26.45879307  -3.424535   -12.28990945  -6.37293364  43.62690976
   0.69830232 -36.23006733 -13.28190996 -52.10919261 -31.41924846
   7.431912     2.62088491  29.45870132 -24.50266929  50.25723561
   5.52523504 -34.45798532 -54.21747962  35.44841726 -85.82721634
  37.66880393  48.36304149  77.44206002 -48.74998412 -46.02539042
   3.84745053  20.33187603  -1.04751306 -27.68634111  58.71476226
  -2.44828315  56.09509898 -42.87569389  59.37670054  12.6775363
  15.98586979 -57.59550881  -5.81133372   9.10863359  32.09659332
  72.17925351  37.93443618   3.966695   -94.44286774  19.54029619
   2.12127281  18.94366754  -4.29390231  29.33467618   2.65520531
   8.2651737  -63.16099366  -8.37638664 -28.48051168 -86.45409458
 100.          24.76519813 -54.71290484 -46.95338928  12.10533045
   6.80477148  10.53014006 -56.47101521 -20.24164064 -34.47620016
 -23.49390271  21.6108829   23.79866695 -70.83948683  38.00068374]
Best fitness: 178984.097055

Iteration 3
========================================
Best position: [  1.22552304 -14.31584272  20.94361814  15.95715454 -67.48078168
  31.91280516  34.90313305 -78.3789562  100.          14.30951516
 -16.69376049 -27.75995668  -6.53218698  -8.53675098 -29.46271068
  24.39960973  70.40952656  -4.65959238 -66.7256066   63.87879896
   7.72421314  55.61405677 -31.3280395  -62.05767984  53.06582962
  25.03083436  44.24193403  57.23641785  41.49483822  68.69295523
  26.45879307  -3.424535   -12.28990945  -6.37293364  43.62690976
   0.69830232 -36.23006733 -13.28190996 -52.10919261 -31.41924846
   7.431912     2.62088491  29.45870132 -24.50266929  50.25723561
   5.52523504 -34.45798532 -54.21747962  35.44841726 -85.82721634
  37.66880393  48.36304149  77.44206002 -48.74998412 -46.02539042
   3.84745053  20.33187603  -1.04751306 -27.68634111  58.71476226
  -2.44828315  56.09509898 -42.87569389  59.37670054  12.6775363
  15.98586979 -57.59550881  -5.81133372   9.10863359  32.09659332
  72.17925351  37.93443618   3.966695   -94.44286774  19.54029619
   2.12127281  18.94366754  -4.29390231  29.33467618   2.65520531
   8.2651737  -63.16099366  -8.37638664 -28.48051168 -86.45409458
 100.          24.76519813 -54.71290484 -46.95338928  12.10533045
   6.80477148  10.53014006 -56.47101521 -20.24164064 -34.47620016
 -23.49390271  21.6108829   23.79866695 -70.83948683  38.00068374]
Best fitness: 178984.097055

Iteration 4
========================================
Best position: [ 18.05579784  -7.52717957  -3.91522573  -1.06950258  22.43046878
   3.82736611  27.18770737 -61.74559858  59.04401389  34.94831467
 -24.93704329 -34.29542167 -24.43581382   6.21744701 -33.81901418
 -60.80457963 -36.90279745 -31.0933196  -49.4914702   61.03503822
 -29.49815651  62.64282826 -21.8857655  -51.4298049   27.90298962
  58.06619156  29.43514005  44.02965032  48.0020412   46.18176965
   0.7650267  -43.25987051 -18.46766249  -1.34411202  69.89006802
 -45.91551264 -32.75103465 -18.15195669 -58.90328996 -14.93429309
  39.75572636  23.8768888   18.59721602  -1.41787567  36.99507616
  54.62843024 -17.29198416  -0.3665649   54.70243075  37.00179755
  -1.83569977  97.7731462   12.05701025 -90.38032869 -41.32098549
   6.61940565  15.17235662 -20.21099217 -21.40578638  45.59105681
  37.1022109   29.4598596    1.02293242  13.40200462  -1.02206801
  16.68820409 -79.41927907 -46.9385257   19.97412754  59.16706346
  39.00281016  29.29467088   4.16476663 -92.60475415 -51.2321382
   0.26816954 -22.80629733 -22.40758692  21.81975704 -11.25890122
 -13.25617117 -26.13006652 -12.7350916   59.98427403 -57.87909463
  61.89003629  -1.59525016  16.69845711 -38.93080289 -57.87007299
  33.12595843   3.8394375  -71.1329288   40.70895329 -46.24982787
  -6.30346636  -6.99512736  91.31062013 -62.83627488  43.41348734]
Best fitness: 165392.885814

Iteration 5
========================================
Best position: [ 12.00744667 -23.75612633 -11.92967726  -5.73677502  18.5260066
  -0.18382632  32.24826804 -64.83720686  56.66560801  27.77853185
 -40.07868945 -41.99956274  -7.47578458 -14.94375641  -7.18688376
 -51.37301639 -12.53910284  -9.54270446 -91.57757831  29.38516104
 -17.87158599  23.95759842 -26.93374203 -51.68462229  24.16702124
   5.60567027  -0.95009096  48.34114     23.55535335  53.00563116
 -52.56794022 -61.87807979 -58.34841949  19.92976991  44.66965799
 -17.93104173  -8.79467758 -10.96234106 -57.92991763 -47.71519948
  54.43739409  36.46608719  33.55222117  16.23980434  29.05056307
  29.45181551 -22.81522913 -17.58842124  52.35205947  79.66786886
   4.36843245  88.79151419  28.1489379  -97.72773997 -12.35299173
  -0.21990767  37.30881572   3.32135064 -68.86369758  33.50415729
   8.00132538  25.59864238  -2.91260049  23.5800985   -7.03126679
  29.82836334 -38.15482414   5.1565814   33.94207264  28.19284038
  36.48489521  -4.60247532  41.26227286 -80.16954076  -4.74407879
   1.98488111   0.5077565   12.20455424  21.46100498   4.25796739
  26.13554832 -57.77627046   3.53233864 -20.10142153 -63.48648951
  85.66474794  78.26130394  24.43926258 -42.1004288  -18.42849991
  22.43304658   8.10829176  -4.29596339 -25.8757279  -43.52673287
 -28.62520242 -19.19075862  23.43105125 -75.9884104   58.65681643]
Best fitness: 152951.585025

Iteration 6
========================================
Best position: [ 15.34061516 -22.5548121   19.98012038  -4.56170862 -18.88316566
  22.78025807  27.08089093 -64.71421703  49.16475659  48.86498588
 -18.06393459 -41.63479396 -13.4291933    0.18032459  -9.43118872
 -58.00554321 -52.3863961  -10.25174102 -89.7729472   12.20561073
  -8.00663917  35.63176261  25.60401778 -49.3635298   20.87945021
  12.66367956  -6.02625363  53.72214666  28.76280585  23.42608589
   9.48264118 -59.4188398  -75.1126054   25.73061801  51.20507937
 -25.05089731  -6.8916515    3.2168694  -54.06937357 -48.52425198
  67.75392264   9.04311098  23.90505791  -1.10095255  14.12441329
  29.97266074 -21.65992629   5.58447147  57.41504436  21.55898387
  -2.95664278  98.96215764  -0.71345948 -47.35356643 -20.11008831
   0.61409521  46.58671438   6.43036935 -69.67893275 -20.40648863
  13.02282168  36.92899867  16.74898725   6.05575717  -7.30839345
  31.53417581 -26.01117062   4.18847401  28.51010715  31.71104198
  59.24554681  -6.1783395   41.33087556 -75.40467882  -3.15402345
  -0.77318963   3.58987662  16.5222116   20.28606792  -3.91404956
  22.39673736 -60.62586208   2.59078095  -6.67823242 -62.87224066
  87.67054576  72.03040183 -20.02561227 -50.77303152 -22.18386365
  27.6619421    6.7156467    9.70116409  -7.56841059 -43.05617867
 -24.72197087   1.34013716  24.68184127 -73.08565072 -15.50920499]
Best fitness: 138108.709347

Iteration 7
========================================
Best position: [ -3.71982323 -24.66108431 -20.98884822  -3.90552077 -15.9096105
  53.28486176  18.53917437 -77.46016109  49.55739564  10.44658949
 -21.01468269 -16.64164489   5.05137038  -7.31522931 -27.45244382
  37.12142379  53.31818597  -0.94432414 -81.18170513  28.14120972
  33.63278129  60.12805031  32.01279202 -51.56819076  29.80201162
  -9.93801098  -0.96729836  40.54168373  17.91464818  48.05834717
  45.23252436 -41.08737657 -66.81489988  10.70856237  37.81906941
  -3.99965229 -23.84680608  -4.56955739 -58.21897924 -44.66341655
  41.03383336 -30.28132865  43.55534845   3.1506677   27.17242596
  -4.40036363 -31.17090533 -10.51851242  38.86598085  -1.41303078
 -21.34243378  97.59690877  65.83123797 -36.0580762  -28.81323227
 -17.18905055   7.84782417  -1.09464832 -44.72316455  -3.14107963
 -12.25913345  20.2028189  -23.37786873  24.83272906  -1.70756005
  24.01708053 -13.67699543  11.77010494  13.50711079  51.24369824
   1.96996031   3.7292088   14.78518921 -82.31333639  -0.90863021
 -30.79065406  29.71765609 -16.53387093  29.86510853  -6.35557818
  35.27269455 -61.2565941   -9.47743505 -19.18964566 -76.39521521
  90.94280472  65.90812665  -2.72269334 -42.17181331  -0.25667883
   7.71594199  -0.45131453   2.47347932 -21.89410284 -40.64325534
 -27.19632365  18.51990686  31.97484958 -87.98646865  -5.16761111]
Best fitness: 135580.110168

Iteration 8
========================================
Best position: [ -3.71982323 -24.66108431 -20.98884822  -3.90552077 -15.9096105
  53.28486176  18.53917437 -77.46016109  49.55739564  10.44658949
 -21.01468269 -16.64164489   5.05137038  -7.31522931 -27.45244382
  37.12142379  53.31818597  -0.94432414 -81.18170513  28.14120972
  33.63278129  60.12805031  32.01279202 -51.56819076  29.80201162
  -9.93801098  -0.96729836  40.54168373  17.91464818  48.05834717
  45.23252436 -41.08737657 -66.81489988  10.70856237  37.81906941
  -3.99965229 -23.84680608  -4.56955739 -58.21897924 -44.66341655
  41.03383336 -30.28132865  43.55534845   3.1506677   27.17242596
  -4.40036363 -31.17090533 -10.51851242  38.86598085  -1.41303078
 -21.34243378  97.59690877  65.83123797 -36.0580762  -28.81323227
 -17.18905055   7.84782417  -1.09464832 -44.72316455  -3.14107963
 -12.25913345  20.2028189  -23.37786873  24.83272906  -1.70756005
  24.01708053 -13.67699543  11.77010494  13.50711079  51.24369824
   1.96996031   3.7292088   14.78518921 -82.31333639  -0.90863021
 -30.79065406  29.71765609 -16.53387093  29.86510853  -6.35557818
  35.27269455 -61.2565941   -9.47743505 -19.18964566 -76.39521521
  90.94280472  65.90812665  -2.72269334 -42.17181331  -0.25667883
   7.71594199  -0.45131453   2.47347932 -21.89410284 -40.64325534
 -27.19632365  18.51990686  31.97484958 -87.98646865  -5.16761111]
Best fitness: 135580.110168

Iteration 9
========================================
Best position: [ -5.59417347 -16.14604923 -28.37878874  -2.11938556 -19.07733352
  71.71897915  21.75170099 -67.15182156  50.41542283  -5.06621083
 -19.00382931 -18.3186745    7.47221128   6.32604995  -2.73105527
  -9.19190264  30.64135828 -11.12246229 -84.19521364   7.82508436
  59.46221717  33.94770652  32.16751507 -50.96513522  31.25462476
   1.28048742  -0.13007893  33.17517583  20.00412526  11.16267521
  46.73450058 -50.16763492 -55.16113875  -4.53216304  26.88414804
   1.97037836 -12.31520341   1.18692261 -76.26902698 -49.64482922
  35.71486722 -20.87533427  37.85999885 -10.87563303  15.02069628
  42.47398512 -34.02541387 -20.52520508  49.93196127   0.77786477
 -23.98821129  97.37230881  56.85052592 -30.5140509  -29.89939136
 -24.22702259  20.3167711    5.27767869 -33.47071106  -3.05330686
 -12.63304313   9.99794926  -0.82265173  38.98184236  -0.30990666
  25.58479084 -16.69645238   8.02832583  -0.10981468  64.79850524
  13.02110708   1.20746781  10.97290824 -84.20780336   1.69553749
 -34.5148719   26.42148708  -9.2471394   26.70368881   0.5502914
  24.68590955 -55.37592981 -13.76092025 -10.03034476 -72.89969245
  91.52740903  65.88268158  -0.49573944 -31.47019483   1.57404197
   7.25135859  -4.00062053   4.71068291 -18.69212674 -43.43809254
 -26.25442539  18.82967257  27.1234809  -83.88202825   5.72088492]
Best fitness: 128959.437435

Iteration 10
========================================
Best position: [-5.99274254e+00 -1.69217992e+01  2.63736660e+01  1.38317228e+00
 -2.98667358e+01  6.15398713e+01  2.20864335e+01 -4.97960958e+01
  4.23633945e+01 -6.00418436e+00 -2.57249941e+01 -3.47090030e+01
  5.85172078e+00 -1.50979869e+00 -5.33055594e+00 -2.15033181e+01
 -2.00087996e-03 -2.67320400e+00 -7.30223593e+01  2.71938487e+00
 -1.74112062e+01  6.03444028e+01  2.55917865e+01 -4.73640356e+01
  2.94808843e+01  5.81741795e-01  3.27728668e-01  2.79024569e+01
  2.94379729e+01  2.29473261e+01  2.42776292e+01 -4.87418609e+01
 -5.07978338e+01  5.06688595e-01  1.69840448e+01  1.48087371e+01
 -7.53208538e+00  1.48628580e+01 -6.07109718e+01 -3.88189501e+01
  2.47818889e+01 -5.67417295e+00  3.81503039e+01  7.84662131e+00
  2.42182608e+01  2.78943216e+01 -2.74891481e+01 -5.90317486e-01
  5.07262318e+01  8.68257026e+00 -3.63779138e+00  7.61201226e+01
 -7.50478591e+00 -3.65364223e+01 -1.72980600e+01 -2.17608941e+01
  3.67267584e+00  1.55242438e+01 -5.48322712e+01  3.14205841e+01
  3.82038911e+00  1.03933004e+01 -1.35892975e+01  3.99493665e+01
 -3.09654444e+00  2.71052064e+01 -3.65489370e+01  8.43845495e-01
  4.13249817e+00  5.97421664e+01  4.63565532e+01 -2.61299074e+01
  1.78637851e+01 -7.26512602e+01  1.61212873e+01 -5.65328098e+00
  1.67477234e+01  2.23409343e+01  1.47476383e+01  4.90598198e+00
  3.41565609e+01 -4.72512364e+01 -1.37379238e+00 -4.20703473e-02
 -8.18697332e+01  9.68151328e+01  2.92932557e+01  5.53990022e+00
 -4.49633400e+01  7.70771869e+00 -2.45464240e+01 -4.59804468e+00
 -3.88623253e+00 -4.79074515e+00 -3.99222776e+01 -2.99840749e+01
  6.01524943e+00  1.78173548e+01 -7.38117793e+01  2.97588036e+00]
Best fitness: 107522.691495

Iteration 11
========================================
Best position: [-5.99274254e+00 -1.69217992e+01  2.63736660e+01  1.38317228e+00
 -2.98667358e+01  6.15398713e+01  2.20864335e+01 -4.97960958e+01
  4.23633945e+01 -6.00418436e+00 -2.57249941e+01 -3.47090030e+01
  5.85172078e+00 -1.50979869e+00 -5.33055594e+00 -2.15033181e+01
 -2.00087996e-03 -2.67320400e+00 -7.30223593e+01  2.71938487e+00
 -1.74112062e+01  6.03444028e+01  2.55917865e+01 -4.73640356e+01
  2.94808843e+01  5.81741795e-01  3.27728668e-01  2.79024569e+01
  2.94379729e+01  2.29473261e+01  2.42776292e+01 -4.87418609e+01
 -5.07978338e+01  5.06688595e-01  1.69840448e+01  1.48087371e+01
 -7.53208538e+00  1.48628580e+01 -6.07109718e+01 -3.88189501e+01
  2.47818889e+01 -5.67417295e+00  3.81503039e+01  7.84662131e+00
  2.42182608e+01  2.78943216e+01 -2.74891481e+01 -5.90317486e-01
  5.07262318e+01  8.68257026e+00 -3.63779138e+00  7.61201226e+01
 -7.50478591e+00 -3.65364223e+01 -1.72980600e+01 -2.17608941e+01
  3.67267584e+00  1.55242438e+01 -5.48322712e+01  3.14205841e+01
  3.82038911e+00  1.03933004e+01 -1.35892975e+01  3.99493665e+01
 -3.09654444e+00  2.71052064e+01 -3.65489370e+01  8.43845495e-01
  4.13249817e+00  5.97421664e+01  4.63565532e+01 -2.61299074e+01
  1.78637851e+01 -7.26512602e+01  1.61212873e+01 -5.65328098e+00
  1.67477234e+01  2.23409343e+01  1.47476383e+01  4.90598198e+00
  3.41565609e+01 -4.72512364e+01 -1.37379238e+00 -4.20703473e-02
 -8.18697332e+01  9.68151328e+01  2.92932557e+01  5.53990022e+00
 -4.49633400e+01  7.70771869e+00 -2.45464240e+01 -4.59804468e+00
 -3.88623253e+00 -4.79074515e+00 -3.99222776e+01 -2.99840749e+01
  6.01524943e+00  1.78173548e+01 -7.38117793e+01  2.97588036e+00]
Best fitness: 107522.691495

Iteration 12
========================================
Best position: [-5.99274254e+00 -1.69217992e+01  2.63736660e+01  1.38317228e+00
 -2.98667358e+01  6.15398713e+01  2.20864335e+01 -4.97960958e+01
  4.23633945e+01 -6.00418436e+00 -2.57249941e+01 -3.47090030e+01
  5.85172078e+00 -1.50979869e+00 -5.33055594e+00 -2.15033181e+01
 -2.00087996e-03 -2.67320400e+00 -7.30223593e+01  2.71938487e+00
 -1.74112062e+01  6.03444028e+01  2.55917865e+01 -4.73640356e+01
  2.94808843e+01  5.81741795e-01  3.27728668e-01  2.79024569e+01
  2.94379729e+01  2.29473261e+01  2.42776292e+01 -4.87418609e+01
 -5.07978338e+01  5.06688595e-01  1.69840448e+01  1.48087371e+01
 -7.53208538e+00  1.48628580e+01 -6.07109718e+01 -3.88189501e+01
  2.47818889e+01 -5.67417295e+00  3.81503039e+01  7.84662131e+00
  2.42182608e+01  2.78943216e+01 -2.74891481e+01 -5.90317486e-01
  5.07262318e+01  8.68257026e+00 -3.63779138e+00  7.61201226e+01
 -7.50478591e+00 -3.65364223e+01 -1.72980600e+01 -2.17608941e+01
  3.67267584e+00  1.55242438e+01 -5.48322712e+01  3.14205841e+01
  3.82038911e+00  1.03933004e+01 -1.35892975e+01  3.99493665e+01
 -3.09654444e+00  2.71052064e+01 -3.65489370e+01  8.43845495e-01
  4.13249817e+00  5.97421664e+01  4.63565532e+01 -2.61299074e+01
  1.78637851e+01 -7.26512602e+01  1.61212873e+01 -5.65328098e+00
  1.67477234e+01  2.23409343e+01  1.47476383e+01  4.90598198e+00
  3.41565609e+01 -4.72512364e+01 -1.37379238e+00 -4.20703473e-02
 -8.18697332e+01  9.68151328e+01  2.92932557e+01  5.53990022e+00
 -4.49633400e+01  7.70771869e+00 -2.45464240e+01 -4.59804468e+00
 -3.88623253e+00 -4.79074515e+00 -3.99222776e+01 -2.99840749e+01
  6.01524943e+00  1.78173548e+01 -7.38117793e+01  2.97588036e+00]
Best fitness: 107522.691495

Iteration 13
========================================
Best position: [ -6.2343988    2.82297502 -41.22442743   7.31624106 -24.66544522
  48.15104479  10.43634429 -44.63460818  39.65536229   4.90057397
 -17.09007707 -39.68076723  10.09515659   1.78204101  12.16214224
 -26.44065347  -1.55873568   4.03878859 -64.26434514  -9.60689191
   6.27426054  47.26347827  24.50168073 -44.97001047  34.43855958
  15.38164232   8.67221895  39.25929249  28.14274373  24.30890903
  21.07297037 -46.18965223 -50.15897496   9.14339638  30.04358571
  17.92196486  -9.28762986   8.15366451 -61.39703565 -31.81401281
  28.63034062   2.52878307  44.94642681  18.40591798  33.02749033
   7.26865115 -23.98893452   5.73226953  53.62676472 -15.71992887
   3.33472504  54.75938547  -3.29314337 -19.76399188 -12.12558631
 -16.41287129   2.13499394  25.09933595 -36.2457683   34.19060474
  -3.5247648   10.56169527  -6.27588765  39.17342419   3.69433954
  28.62930322 -39.3015085    1.23969716  -6.59994333  51.34882459
   7.08786954 -18.46079745  32.07010261 -66.48120282  10.69770723
 -20.80590506  14.10247794  21.72875965  17.15448498   5.63284748
  31.99633307 -45.57955934   9.39733114   7.40149703 -85.01107009
 100.          17.851288     1.47310508 -32.41920226  16.28845419
 -28.92334184  -5.7318254   10.13965346   4.5039874  -39.99446812
 -25.31103352  13.71363957   3.7823276  -66.02136787 -25.96086397]
Best fitness: 95859.738391

Iteration 14
========================================
Best position: [-9.96355793e+00  8.32603687e+00 -1.45535430e+01  2.69139063e+00
 -4.88959218e+00  1.22858330e+01  7.63640804e+00 -3.97445122e+01
  4.30533919e+01 -9.66968634e+00 -9.81149878e+00 -2.78572566e+00
  4.03135899e+00  1.51780531e+00  3.98419824e+01 -4.10796379e+01
 -3.58042653e-02  3.26009217e+00 -6.66137225e+01 -2.06920715e+01
  2.77341265e+00 -6.58127171e+01  3.41968418e+01 -4.56157554e+01
  3.83058153e+01  1.61966055e+01  1.12627939e+01  3.76681001e+01
  5.72318358e+00  2.39713531e+01  2.87329773e+01 -5.01415928e+01
 -5.78586067e+01  8.21101404e+00  3.25692064e+01  9.62441354e+00
 -9.81587380e+00 -5.82205779e+00 -5.23964620e+01 -3.54713330e+01
  2.53197529e+01  1.74308005e+01  4.23187362e+01  2.95842769e+01
  3.70878126e+01  4.21927768e+00 -1.96832655e+01 -7.68184240e+00
  4.79761519e+01 -1.73972665e+01  2.40703828e+00  4.80801724e+01
  1.26104728e+00 -6.97287793e+00 -1.00645339e+01 -2.16126831e+01
  3.43827367e+00  2.26700576e+01 -1.12886933e+01  3.93524128e+01
 -1.03691665e+01  4.86279877e+00 -6.27297160e+00  3.38982266e+01
  4.47021397e+00  2.78074495e+01 -3.06493404e+01  1.51150671e-01
 -1.24979721e+01  3.61130649e+01  2.09571134e+01 -1.72364666e-01
  3.44863733e+01 -6.29414531e+01  9.87839832e+00 -1.72993035e+01
  2.00869691e+01  2.32594949e+01  7.60534804e+00  1.17355677e+00
  2.43189443e+01 -4.45594964e+01  9.35375568e+00  1.95700200e+00
 -8.36665838e+01  9.85028722e+01  1.47956052e+01 -9.07873013e+00
 -3.17651337e+01  1.32824918e+01 -3.77278866e+01 -1.28523848e+01
  1.35358565e+01  1.26730979e+00 -4.30139508e+01 -2.46802399e+01
  2.56926663e+01 -1.64699034e+01 -5.71808714e+01 -1.03241950e+01]
Best fitness: 90029.956111

Iteration 15
========================================
Best position: [-9.96355793e+00  8.32603687e+00 -1.45535430e+01  2.69139063e+00
 -4.88959218e+00  1.22858330e+01  7.63640804e+00 -3.97445122e+01
  4.30533919e+01 -9.66968634e+00 -9.81149878e+00 -2.78572566e+00
  4.03135899e+00  1.51780531e+00  3.98419824e+01 -4.10796379e+01
 -3.58042653e-02  3.26009217e+00 -6.66137225e+01 -2.06920715e+01
  2.77341265e+00 -6.58127171e+01  3.41968418e+01 -4.56157554e+01
  3.83058153e+01  1.61966055e+01  1.12627939e+01  3.76681001e+01
  5.72318358e+00  2.39713531e+01  2.87329773e+01 -5.01415928e+01
 -5.78586067e+01  8.21101404e+00  3.25692064e+01  9.62441354e+00
 -9.81587380e+00 -5.82205779e+00 -5.23964620e+01 -3.54713330e+01
  2.53197529e+01  1.74308005e+01  4.23187362e+01  2.95842769e+01
  3.70878126e+01  4.21927768e+00 -1.96832655e+01 -7.68184240e+00
  4.79761519e+01 -1.73972665e+01  2.40703828e+00  4.80801724e+01
  1.26104728e+00 -6.97287793e+00 -1.00645339e+01 -2.16126831e+01
  3.43827367e+00  2.26700576e+01 -1.12886933e+01  3.93524128e+01
 -1.03691665e+01  4.86279877e+00 -6.27297160e+00  3.38982266e+01
  4.47021397e+00  2.78074495e+01 -3.06493404e+01  1.51150671e-01
 -1.24979721e+01  3.61130649e+01  2.09571134e+01 -1.72364666e-01
  3.44863733e+01 -6.29414531e+01  9.87839832e+00 -1.72993035e+01
  2.00869691e+01  2.32594949e+01  7.60534804e+00  1.17355677e+00
  2.43189443e+01 -4.45594964e+01  9.35375568e+00  1.95700200e+00
 -8.36665838e+01  9.85028722e+01  1.47956052e+01 -9.07873013e+00
 -3.17651337e+01  1.32824918e+01 -3.77278866e+01 -1.28523848e+01
  1.35358565e+01  1.26730979e+00 -4.30139508e+01 -2.46802399e+01
  2.56926663e+01 -1.64699034e+01 -5.71808714e+01 -1.03241950e+01]
Best fitness: 90029.956111

Iteration 16
========================================
Best position: [-1.44105346e+01  1.82811553e+01  1.61781683e+01  1.83475544e+00
  2.50004178e+01  3.16319836e+01  1.22711173e+01 -2.93748686e+01
  3.57036979e+01 -1.61196464e+01 -1.38051808e+01 -2.64210317e+01
 -3.19373485e+00  2.24387907e+00  4.10583041e+01 -3.31046318e+01
 -6.21069381e+00  1.38729231e+01 -5.90453259e+01  6.52113460e-02
  5.66627723e+01 -1.42474102e+01  1.90059326e+01 -4.76244169e+01
  3.70775264e+01  1.33943686e+01  1.52415820e+01  3.35313209e+01
  4.79677084e+00  1.89762018e+01  1.57276130e+01 -5.06075698e+01
 -5.34378965e+01  8.32328649e+00  1.90609161e+01  6.18821687e-01
 -1.09705887e+01  3.50298012e+00 -4.21567991e+01 -2.59125829e+01
  2.45934185e+01  3.26974247e+00  3.02833320e+01  2.48829171e+01
  3.17209286e+01  8.18881905e+00 -5.76728917e+00 -9.87714648e+00
  4.51658820e+01 -6.56601151e+00 -6.17075577e+00  4.73099601e+01
 -1.05696656e+01  7.28901938e+00 -1.12700201e+01 -4.05583488e+01
 -7.51066989e+00  2.27174328e+01 -5.10539960e+00  4.00571448e+01
 -5.07933573e+00  3.14917160e+00 -1.03737047e+01  7.26970205e+00
  4.41789329e+00  2.70425000e+01 -8.56584944e+00 -9.83789454e+00
  5.70789544e-03  2.93668452e+01  2.53171787e+01 -1.92725229e+01
  2.37218554e+01 -6.40890245e+01  9.94433517e+00  6.83781843e+00
  1.25930715e+01  2.47472610e+01  8.46348408e+00  3.23216126e+00
 -3.68029515e+00 -4.47478701e+01  5.22474934e+00  6.01385114e+00
 -8.46518071e+01  9.53832462e+01  1.47991737e+01 -6.03054703e+00
 -3.90758183e+01  1.60912033e+00 -3.66798918e+01 -1.18935475e+01
  1.66230168e+01 -4.03606850e-01 -4.61873831e+01 -2.24994342e+01
  1.07985429e+01 -3.19173362e+01 -6.00965303e+01  1.15143693e+00]
Best fitness: 80194.134982

Iteration 17
========================================
Best position: [-12.09381507  23.34047734  -8.17706576   1.30461542  26.84165777
  -5.71890593  12.26663073 -33.69386607  37.71806809  -6.99948557
  -6.57820735 -36.70766652   4.69070693   3.68163649  42.78595908
 -33.43530453  -5.6856615   28.96065246 -54.17931045  -3.40467572
  18.10885764  -4.92189675  22.73235773 -45.17273714  36.28972964
  22.08207585  17.23349513  47.23217975  -1.2429357   20.51709587
  10.24544041 -50.66868087 -52.48007367  11.99810736  15.89255667
  -1.09455548  -8.77928897 -24.71524125 -44.1620852  -27.23817783
  28.07001715 -10.53238134  31.61025505  25.80473238  37.16444583
   7.15825831 -11.50959522  -7.38639079  43.33234754  -3.443611
  -7.53029846  38.09300313 -16.58980089   4.58325612 -13.42159081
 -41.38566129  -3.2259611   25.59601452 -12.89574666  41.99506435
  -5.76642925   4.14937838 -13.93197108  10.59342267   5.087407
  29.52167116 -10.55723166  -5.10621648   8.29676459  28.9530755
   7.52911987   8.05085181  40.3517534  -60.40356174  12.02204636
  14.39719277  10.55734582  28.16177261   9.57678481   3.2283425
   1.44269299 -43.39712705  10.01064951  11.274764   -83.66217012
  98.96806297  18.22484459 -21.92588037 -35.76178877   7.75516799
 -34.87009819  -9.95184972  20.80057822  -0.16646483 -45.60737467
 -21.78600228  18.72969039 -30.27372685 -44.91889862 -22.61371267]
Best fitness: 79910.205351

Iteration 18
========================================
Best position: [-9.25812958e+00  3.51773924e+01  1.61600495e+01 -3.51432082e+00
  2.82061583e+01  4.91845875e-01 -8.12113157e+00 -2.26518924e+01
  3.04783147e+01  1.20450318e+00 -4.94627932e+00 -2.62731754e+01
 -1.13681597e+00  9.63784994e+00  2.21816019e+01 -2.93273531e+01
 -1.48041698e+01  2.20746604e+01 -5.18589271e+01  8.35823849e+00
  3.77785583e+01  4.37345587e+01  2.61846481e+01 -4.55121437e+01
  4.10616328e+01  1.76037459e+01  1.04538773e+01  2.47836807e+01
  2.58222466e+00  1.54162572e+01  6.40935847e+00 -4.55157317e+01
 -4.40660030e+01  1.00013896e+01  1.54042817e+01 -3.31531062e+00
 -6.77784142e+00 -7.92666175e+00 -2.41559090e+01 -2.33645312e+01
  2.75109087e+01 -1.16255415e+01  3.09729438e+01  2.48716007e+01
  3.65762217e+01 -1.88913835e+00  5.27627124e+00 -8.75953447e+00
  4.30461295e+01 -2.82881737e+01 -1.46709590e+01  4.47738504e+01
 -1.62410335e+01  2.91187560e+00 -7.37037169e+00 -3.87778323e+01
  3.92830310e-03  2.44540133e+01 -1.10817532e+00  3.17880779e+01
 -6.77974151e+00  7.86557031e+00 -9.52517183e+00 -4.81265506e+00
  4.77442784e+00  2.82393538e+01 -5.58132594e+00 -3.60374638e+00
 -3.27332764e+00  2.83856513e+01  1.60874299e+01  3.21377019e+00
  3.19358752e+01 -6.29548475e+01  5.91827843e+00  2.59000482e+01
  3.60518166e-01  2.33255033e+01  7.78070960e+00  5.27265889e-01
 -3.21282178e+01 -4.01999253e+01  5.09483912e+00  4.62204262e+00
 -8.71509302e+01  9.71974774e+01  1.41920148e+01 -1.70102454e+01
 -3.24232362e+01  1.14693932e+01 -3.05315193e+01 -1.36657482e+01
  2.40831518e+01 -3.77288501e+00 -4.44490497e+01 -2.26255130e+01
  7.34043003e+00 -3.89741447e+01 -4.78239146e+01 -2.34225093e+01]
Best fitness: 74946.393818

Iteration 19
========================================
Best position: [-11.73542072  49.39866179   7.36734143  -1.59534702   5.33815621
  39.61746326   7.73610937 -18.92591991  31.91407402  -6.74274526
   4.43800135 -24.10190214  -3.77718247  15.79459946   8.14797914
 -29.05837536 -11.98626647   9.4902669  -54.65049992   0.437273
  51.80047584  10.57296859  27.91661285 -43.02838988  28.82589734
  20.83047374   7.71688057  23.44184418   3.85446287  16.82706151
   6.43362326 -48.19017188 -39.35527658   9.22725439  11.83203043
   0.34803941 -10.53020196   4.02167878 -23.33526668 -25.21167766
  22.76497863 -26.05720069  29.24709876  25.9703399   32.44301411
 -10.70841414   1.47477833 -17.13247339  42.47225384 -19.48678063
 -12.83940537  47.14903011 -13.97531227  -0.88299212   3.45628922
 -54.49268865   6.02637684  23.23546616  -2.52479071  26.04626563
  -5.7431557    8.09391511  -6.78593443  10.41868375   1.64249754
  28.21763787  -6.10221726   1.17143134 -25.36627273  30.4721099
   7.34712639  -6.17653429  37.17889218 -65.17402469   8.11765174
  18.96225399   8.05203428  21.57859814   9.96096553  -0.76153825
 -11.62361125 -36.94718732   5.82255891   7.41136441 -88.05825186
  97.26965748  15.05958126   1.0021039  -35.59994259   5.57831543
 -28.63343794 -11.18343909  30.35010492  -2.00856981 -43.55873076
 -24.16631303  -0.6212146  -25.21497353 -30.32244196   0.67080394]
Best fitness: 72632.215925

Iteration 20
========================================
Best position: [ -8.40058908  38.05764989 -18.09634599  -7.58122998 -13.54973698
   2.48105164   7.31139779 -13.86049052  29.67168854   8.1544147
   1.48976192 -11.82327607  -2.20423136  15.40231801 -27.12038655
  -4.32163404  -2.2768036   11.85309993 -54.86851851   4.77166821
  13.39566795  43.84340377  23.4229532  -39.02861842  46.51540993
  17.71622837  -2.02972333  18.40158736   5.15488783  11.96256618
   3.23047609 -38.20026206 -36.51643263  10.87305699  16.40059794
   7.01861097  -4.51116692  -6.46528836  -7.18578565 -23.07749424
  26.20078926  -6.72349881  41.23314773  19.54732281  34.95876753
   3.20840056  22.13860435  -6.60559569  42.25495207 -40.46855345
 -17.83670611  44.96110192 -16.77189686   2.89100847  -0.77055768
 -43.9300904    5.61034407  27.57181277  -8.40444387  -9.34964575
 -27.07403922   5.96540683  -1.11878776  -6.89822723   6.87661171
  30.56420528  -5.77934549   4.87096768 -12.44630027  29.96738141
   4.49289842   0.62750106  43.85073877 -58.86362264   7.18332277
  28.50855821  -5.0922574    7.58527567   5.96803267  -0.42352618
 -14.30295012 -34.38266198   1.94520377  10.81778307 -87.66222388
  98.23191206  16.80521975 -17.11568799 -34.13552954  28.3055933
 -23.37475457 -12.0468713   33.64505879  -3.66888899 -41.90585185
 -21.89531476   2.6876665  -38.15462409 -33.62122522 -20.42755623]
Best fitness: 69933.316991

Iteration 21
========================================
Best position: [-1.09041429e+01  4.51008298e+01  6.24243764e+00 -9.30016606e+00
 -2.56976394e+00  1.82042537e+01  6.56512580e+00 -9.05089153e+00
  2.76181933e+01  4.96349924e+00  8.03687642e+00  1.56284963e-01
 -7.21805676e+00  1.74127861e+01 -1.13826190e-01 -6.78368764e-01
 -1.13894545e+00 -1.03491763e+01 -5.78135474e+01  2.89054246e+00
  2.20873304e+01 -5.37415069e+00  2.91296404e+01 -3.69137901e+01
  3.52021272e+01  2.45449547e+01 -5.61451474e-02  1.07727046e+01
  3.30892749e+00  1.82579276e+01  9.02616431e+00 -4.60160088e+01
 -3.25976274e+01  8.88604969e+00  1.48032906e+01  4.29501027e+00
 -6.79015545e+00  9.75153591e+00 -1.49902533e+01 -2.25374866e+01
  2.43282489e+01 -1.45990548e+01  3.51020515e+01  2.19792445e+01
  3.34413803e+01 -8.33106188e+00  2.14796199e+01 -1.77530586e+01
  4.04880254e+01 -4.24118557e+01 -1.57734681e+01  4.48491679e+01
 -1.35355916e+01  3.28734244e+00  4.56029397e+00 -5.78385976e+01
  1.01079272e+01  2.72401994e+01  2.62465420e+01 -3.31428930e+01
 -9.71355196e+00  8.81207551e+00  2.52367139e+00 -7.20196969e+00
  7.97899157e+00  3.18699531e+01 -1.05259665e+01 -5.83068238e+00
 -2.72200115e+01  3.01150192e+01  8.92382145e+00  1.96562801e+00
  3.90906927e+01 -6.75344180e+01  8.83833111e+00  1.86165537e+01
 -3.44211117e+00  8.52608201e+00  6.34896828e+00 -1.18308324e+00
 -1.39319536e+01 -3.01971640e+01  1.97683636e+00  1.33793632e+01
 -9.16798007e+01  9.81757402e+01  1.27511510e+01 -1.12417666e+01
 -3.40446283e+01  2.12968239e+01 -2.15947520e+01 -1.41779564e+01
  2.64811327e+01 -3.93553904e+00 -4.07654251e+01 -2.43100245e+01
 -2.59298495e+00 -2.53944323e+01 -2.68011052e+01  1.89884110e+00]
Best fitness: 69334.874748

Iteration 22
========================================
Best position: [ -9.13996382  39.0074948    0.2020419   -9.15150258  -8.65425507
  15.30080096   9.45081124 -15.15657878  18.79185267  11.05370488
   5.12057402  30.67197797  -4.83787669  14.258806   -27.92262778
  12.28898279   8.40945229   0.84261467 -49.03481568   7.92435982
  18.43285702  14.8956554   22.44805062 -31.25147474  35.11565935
  26.27411986  -1.41862406  10.15762096   0.18734188  10.71301152
  11.62678329 -32.22058827 -31.12121313   8.87076834  10.53975663
   5.63884279  -7.55643125   6.40048694 -15.90337624 -24.02023965
  19.09851405  -5.24306379  38.69653972  24.06705233  32.55874561
 -20.7154307   18.70056042 -16.92828823  31.28137295 -42.8488353
 -20.15010938  38.42111432 -12.20807603  -1.70577978   8.81631136
 -47.05485119   3.7617717   24.44018371  18.32230692 -18.91054087
 -13.01241496   8.47798209  12.11478187 -11.31023459   7.31336664
  29.5766411  -11.06270515  -8.16289888 -35.20036564  26.37475057
   0.65333778   6.38345234  38.66121496 -68.30701207   7.38300774
   6.75735481  -2.05757644  12.29761873   5.43143452  -5.03970462
  -7.93731736 -33.63589596   2.02229467  16.84652178 -92.88961532
  95.79502349   7.68141524 -10.0790617  -35.9272397   44.11127223
 -24.59819884 -21.17852017  24.94274325  -6.18157956 -41.23212795
 -27.10801476   1.16821403 -27.28791939 -25.96062948  -3.22896041]
Best fitness: 66316.096508

Iteration 23
========================================
Best position: [ -6.43448463  37.02392435   2.7811576   -6.08656616 -16.0377179
  11.01716063   8.95977647 -18.55156965  23.20377935  -0.81662239
   5.4406416   12.94998022   0.28561796  12.29716347 -28.71692385
 -16.27121427  -1.30026603  -1.66568793 -46.06552963   4.95946576
  21.92375671  14.83812923  20.77493317 -36.9889109   33.88355987
  21.44860728  13.39688453  21.7770381    6.91216974   6.418239
   8.118904   -28.10699609 -34.72575909   9.37140543   3.1843578
   1.14339511 -11.23707451   0.62706909 -18.36120661 -22.01064224
  22.57389225   8.85271329  32.14608691  21.85973506  32.09275432
  -5.48809034  17.36532473 -17.18987276  29.29639194 -38.55172897
 -24.0955859   32.72426228 -12.45583897  -6.49422462   8.31452702
 -52.28170612   2.97281464  23.96577277  14.68189477  14.79504855
 -19.60928372   6.58865301   3.76291537 -10.206327     8.94240003
  28.8182542   -9.33715944  -7.77654309  -0.67040358  24.99467011
 -13.68336571   5.24168113  31.19674674 -61.05092475   8.97075169
  18.91216249   1.98615     21.60806664   5.73622201  -3.34772241
  -3.97635666 -41.61263689   1.74677687  16.19363025 -89.61818222
  95.867471    12.10937785 -12.97408967 -31.82549219  35.30927142
 -22.82898437 -15.72391979  24.79487674  -7.39394649 -42.35167987
 -25.44773053  -0.68754538 -28.24732048 -26.78900386   2.13583405]
Best fitness: 61425.493628

Iteration 24
========================================
Best position: [-6.91007881e+00  2.45606260e+01  1.05897327e+00 -6.38093884e+00
  1.92788877e+01  1.35983216e+01  2.04162643e+01 -3.33159396e+01
  2.47776025e+01 -1.04847862e+01  4.36953687e+00  1.73089266e+01
 -4.67141564e-01  1.97657664e+00 -6.62531387e+00 -2.27478533e+01
 -7.36360139e+00 -1.19331638e+01 -2.50351567e+01  8.69723455e+00
  2.36766460e+01  7.10293326e+00  1.70956751e+01 -2.98734661e+01
  2.21610075e+01  2.09229243e+01 -5.23327093e+00  2.10901465e+01
  7.79399746e+00 -1.10754132e+01  3.59237955e+00 -1.98389360e+01
 -3.30267514e+01  1.15219215e+01  5.88897499e+00 -7.67072418e+00
 -1.72953360e+01  4.23469590e+00 -2.59314957e+01 -2.08100167e+01
  1.59956040e+01  2.64501699e+01  2.31979381e+01  2.02179065e+01
  3.15070681e+01 -7.65010197e+00  1.67239194e+00 -2.20339344e+01
  1.65293454e+01 -1.66384606e+00 -3.65250668e+01  2.45213514e+01
 -7.79754064e+00 -8.59242579e-01  1.11620579e+01 -5.47834892e+01
 -2.00060355e+00  2.29019425e+01  4.24363881e+00  1.65068248e+01
 -4.44247012e+00  9.48453280e+00  7.42508229e+00 -1.06994794e+01
  6.76464057e+00  2.77156868e+01  2.90567300e+00 -6.91053327e+00
 -1.91363957e+01  1.83925762e+01 -1.21380092e+01  7.96972402e+00
  3.37889689e+01 -6.15413084e+01  1.29561552e+01  5.43899759e-03
  4.91570279e+00  3.96599294e+01  1.25242634e+01 -1.67340117e+00
  8.76587762e+00 -4.18901608e+01  1.83384463e+00  2.17013864e+01
 -8.30576308e+01  9.38206714e+01  8.43493667e+00 -1.41131725e+00
 -2.41980740e+01  1.18195946e+01 -2.66176020e+01 -2.29682427e+01
  1.90541013e+01 -6.76112076e+00 -4.36150399e+01 -2.49266319e+01
 -2.15563472e+00 -2.21947943e+01 -1.84617070e+01 -3.53269469e-01]
Best fitness: 54199.349394

Iteration 25
========================================
Best position: [-6.44679349e+00  1.94915720e+01 -4.72010080e+00 -5.58156772e+00
  1.37340107e+01  1.03269798e+01  1.70316869e+01 -1.89888821e+01
  3.06420798e+01 -1.02719686e+01  2.89021752e+00  1.20216443e+01
 -3.96229823e+00 -3.16850815e-02  3.41220184e+01 -1.99491915e+01
 -1.43914637e+01 -1.30671743e+01 -2.68101007e+01  6.10458626e+00
  2.10172251e+01 -5.12099682e+00  1.30556263e+01 -3.64820412e+01
  2.46429066e+01  1.44917751e+01 -1.02515312e+01  2.16815967e+01
  8.44714256e+00 -1.22179720e+01 -1.68454278e+00 -1.52242593e+01
 -3.31196470e+01  1.10044408e+01  1.44210267e+00 -1.04419450e+01
 -1.84293961e+01  8.56574213e-01 -2.55559282e+01 -2.14499977e+01
  1.74195966e+01  2.06843874e+01  2.19683848e+01  2.04322350e+01
  3.15577472e+01 -7.38856236e+00  3.53294873e+00 -1.87751088e+01
  1.69846971e+01 -2.79838141e+00 -3.70103308e+01  2.12208565e+01
 -9.56640934e+00  3.16298461e+00  8.31707483e+00 -5.27030755e+01
  1.65928838e+00  2.23815766e+01  6.14201654e+00  2.40769648e+01
 -1.55781142e+01  9.10724963e+00  6.71104617e+00 -5.07864874e+00
  6.52848392e+00  2.66794661e+01  3.95823274e+00 -7.20481168e+00
 -2.14075703e+01  1.72713432e+01 -1.42303551e+01  8.85382813e+00
  3.01970914e+01 -6.15018053e+01  1.36531062e+01 -2.42535080e+00
  5.48271257e+00  4.64794245e+01  1.43682095e+01 -4.73975795e+00
  9.22137143e+00 -4.24102523e+01  1.64559782e+00  1.96109987e+01
 -8.01402591e+01  9.25268937e+01  8.59394633e+00 -1.27473718e+01
 -2.01505201e+01  1.13574128e+01 -2.70787724e+01 -2.04467136e+01
  1.95747117e+01 -7.89288743e+00 -4.32108262e+01 -2.45848266e+01
 -2.14314500e+00 -1.64097816e+01 -1.56830616e+01 -1.62331060e+00]
Best fitness: 53341.226195

Iteration 26
========================================
Best position: [ -7.41099877  12.38809816  -1.18135312   6.99665245  27.81815803
  21.2134725   36.08992008 -11.33358938  29.48773679 -19.68577776
  -3.49003264  13.89499936  -6.6278402    5.8035874    1.06848836
  -7.98498052  -9.73607716 -21.58026751 -13.23742939   6.39361886
  18.17031736 -18.70441383  13.46651612 -36.11779885  20.32243261
  17.99410923 -17.32598896  22.77574937  13.02295342  -6.8780137
  -4.73314674  10.79101758 -36.11137531  12.6998258    4.14622183
  -7.32268903 -24.47289692   3.21448179 -14.21741877 -23.37136111
  13.27616147  28.07854957  16.14934998  16.30685387  27.46072561
  -5.62256662  -4.59825299 -30.52425436   6.92171065  29.78914076
 -27.95925268  13.9145491  -12.42449445   9.85040729  10.20874474
 -43.01369467  -0.97419541  22.1234466   19.68466148 -21.65030876
  -4.57910098   8.61438558  14.08144386   0.27009267   5.43132981
  25.95210528  -1.32187476  -6.37403772 -15.66317248  14.06088242
 -13.28602781   4.82731492  27.46622336 -58.39540373  14.95020617
  10.16153217   6.74159497  33.29695383  27.66802099  -1.49752402
  14.74762517 -48.09272     -0.54957632  19.48307258 -67.62017891
  90.01829271   9.04762891  -7.93219711  -4.65346927   1.19296336
 -28.15956529 -25.80607021  10.66483222  -9.02074115 -46.31974774
 -25.05585986  -5.59320855 -19.37038701 -10.04962571  -5.37750873]
Best fitness: 49771.579512

Iteration 27
========================================
Best position: [ -7.04332659  22.21542533   0.49079661  10.02981517   0.74096415
  17.82865576  41.64737369  -9.32451353  24.79385399 -21.67887654
  -1.75060753   5.86072298  -7.24651571  -7.18869685 -26.98605115
 -21.67266856  -3.00471054 -10.57318027 -16.13492895   1.08213978
  19.90727179  -8.44228262   8.58498436 -36.91887304  19.03415497
  25.25059981   8.7970679   18.25694696  10.91431422   4.02554127
  10.08468883   2.99538426 -34.38478274  11.46362513   8.42919587
   2.66310158 -21.4842174    1.25146128 -17.04888036 -27.26473051
   6.70763095  36.11151497   6.41259835  14.95396124  26.11647533
   6.25759032  11.870743   -29.15905872  -8.57855147  31.07629024
 -14.80584015   2.54645221 -14.52549134  -3.33344219  -0.14014711
 -42.38160908  -1.27629884  18.70793768  -3.98315792 -28.98467037
   2.06811858   7.69541759   2.7462749   -3.79909962   3.11515704
  27.00898604  -1.67689486   4.87192742 -13.5390954   12.84109854
 -17.56401248   0.3707555   18.86073046 -60.43039553  10.48938323
   5.68320773   8.3619977   33.63515964  22.41520397  -5.42226211
  18.47197886 -45.6793689   -2.8002724   23.4408202  -56.60297972
  89.77086757   7.73116705 -10.19029592  -7.65454861  21.49450029
 -26.19116022 -27.64782372   8.21869145 -11.52812183 -50.32477072
 -29.33277617  -6.24870453 -25.55480118 -10.40495919   0.34259853]
Best fitness: 48024.809529

Iteration 28
========================================
Best position: [-10.28889229  20.50347934   1.45005219  23.86027686 -10.3470501
  20.81440605  41.65510842  11.57543605  23.97403582 -22.72904192
  -2.07473377   3.3469908  -10.36939783  -5.37498908 -16.98156861
 -23.7713841  -13.55548359 -17.4111284  -11.26704235   1.75842773
  25.85318635 -10.750623     9.73537372 -42.25500131  17.688303
  18.3975553    8.50876904  12.52136143  11.8123495    5.85487171
   8.54468611  15.49937589 -36.4611859   13.95949308  10.86409915
  -5.50171044 -11.93569521  -1.0790989   -9.15279002 -29.95291375
   8.50030401  28.09232669  -8.06339422  11.35075329  24.94046143
   8.87227223  26.89358215 -35.04258329   2.04028021  16.84610446
 -24.47842757  10.71578537 -11.63557766   5.31845014   6.76541066
 -30.13221382  -0.3439092   19.72242026  23.04609226 -11.02878465
   6.03771611   7.58982476  -3.54912022  -2.71953936   1.69085118
  25.82984769   2.95913787  -1.83753623 -16.19907974  14.71985637
 -17.66468192  -2.00129065  18.12014061 -60.2866636   12.67787187
   5.14204292   9.19953788  25.45609096  25.98699846  -4.90091245
  17.24734799 -44.328147    -4.28508591  19.71374891 -41.06190122
  84.81655532   8.98920543  -9.68740331  -6.38022714   8.57987383
 -24.88309118 -31.49990039   2.35169005 -11.69273563 -46.67266606
 -28.02582913  -5.91960085 -14.93920463  -3.52494316  -1.13361964]
Best fitness: 43919.314745

Iteration 29
========================================
Best position: [-1.32053680e+01  2.00256534e+01  2.93912835e+00  2.82163905e+01
  7.36417756e+00  1.86282053e+01  4.31831733e+01  5.84538585e+00
  2.78072587e+01 -2.37418933e+01  1.46997149e+00  4.42718455e+00
 -1.03645065e+01 -1.03754778e+01 -1.22488704e+01 -2.04858917e+01
  1.60724860e+00 -1.97399736e+01 -1.22830545e+01  2.48165795e-02
  2.21024499e+01  7.75378097e-01  9.52009355e+00 -4.11036038e+01
  1.83849699e+01  3.43853849e+01 -1.54828920e+01  1.38327919e+01
  1.11001144e+01  3.88552393e+00  1.55221655e+01  1.93526925e+00
 -3.52700484e+01  1.34683792e+01  1.12082229e+01 -7.14126500e+00
 -1.02222707e+01  6.20841057e-01 -3.27063779e+00 -2.76154626e+01
  9.73357168e+00  2.97159102e+01 -1.52900273e+01  1.31578181e+01
  2.46384813e+01  1.02921217e+01  2.16260116e+01 -3.52113728e+01
 -3.45231212e+00  2.36141631e+01 -3.38704945e+01  1.46750768e+00
 -7.50470616e+00 -1.96417746e+00  6.70116358e+00 -3.66596151e+01
 -7.50840059e-02  1.87015720e+01  9.45484591e+00 -2.41573859e+00
  2.56518386e+00  8.61663823e+00 -6.51970116e+00 -1.02306368e+01
  2.46171166e+00  2.55063827e+01  3.20093852e+00 -1.54761874e+00
 -9.93487547e+00  1.43682866e+01 -1.80569499e+01  1.61759816e+00
  1.97950615e+01 -6.15731037e+01  1.15428629e+01  8.23419093e+00
  5.70897695e+00  4.45259499e+00  2.36525528e+01 -5.42840239e+00
  2.05946851e+01 -4.43051188e+01 -4.85374057e+00  2.19809066e+01
 -3.91224481e+01  8.02185854e+01  9.35687214e+00 -7.87350074e+00
 -3.17875219e+00  5.45602622e+00 -2.49977523e+01 -3.32629171e+01
  7.91397613e+00 -1.18339342e+01 -4.57185872e+01 -2.44666812e+01
 -7.09862938e+00 -6.56432690e+00 -4.02769855e+00 -5.78311951e+00]
Best fitness: 43240.264196

Iteration 30
========================================
Best position: [-1.39959281e+01  1.99301612e+01 -8.26356472e+00  3.02967954e+01
  3.69624541e+00  1.44909248e+01  3.99946190e+01  4.88235873e+00
  2.45622078e+01 -2.33918262e+01  2.29735420e+00  2.52737499e+00
 -1.17473800e+01 -1.00735897e+01  1.92145121e+01 -1.30769679e+01
 -3.88017099e+00 -3.92707010e+01 -1.20381837e+01  9.80489103e-02
  2.43927921e+01 -3.61631644e+00  1.28034349e+01 -3.96821328e+01
  1.62695764e+01  2.27253197e+01 -1.50366110e+01  5.15536323e+00
  1.06411023e+01  4.56297002e+00  9.10552147e+00  4.79250645e+00
 -3.57613439e+01  1.34766894e+01  1.14605755e+01 -1.65230903e+01
 -6.17934528e+00 -3.24188425e+00  1.69534651e+00 -2.98394259e+01
  1.14619126e+01  2.54190364e+01 -6.57617749e+00  1.10018082e+01
  2.70173064e+01  1.33586727e+01  2.15690045e+01 -3.79043502e+01
  5.52425779e-02  7.93986142e+00 -7.65412546e+00  1.97557761e+01
 -6.57793055e+00  4.49254604e+00  9.31324325e+00 -2.42394463e+01
 -7.20557663e-01  1.95277369e+01  2.41781288e+01  3.06999968e+00
  2.06953337e+00  7.81087516e+00 -1.09975524e+01 -6.30277847e+00
  2.77306249e+00  2.50808103e+01 -8.28485151e-01 -3.62236792e+00
 -1.16811640e+01  1.53025008e+01 -1.95636223e+01 -3.03394186e+00
  2.40692382e+01 -5.81226370e+01  1.32163958e+01  4.27751878e+00
  3.54473274e+00 -1.17379147e+01  2.17194155e+01 -5.94642141e+00
  2.06080732e+01 -4.37886986e+01 -3.63049463e+00  2.23533408e+01
 -4.44963323e+01  7.93542899e+01  8.61319997e+00 -8.03313497e+00
 -6.73015394e-02  6.73560623e+00 -2.37853773e+01 -3.65456294e+01
  6.83509140e+00 -9.80974013e+00 -4.42583762e+01 -1.67091533e+01
 -8.44636116e+00 -1.23875352e+01 -1.60956086e+00 -5.63431371e+00]
Best fitness: 41779.798608

Iteration 31
========================================
Best position: [-15.5418791   33.68717671   6.80970666  16.07614676   9.56604649
  15.42287659  40.06337553   1.14923446  29.77660967 -24.05847109
   7.45293014 -13.06841658  -6.64827578 -14.40832718  -0.45121891
 -17.44715729  12.31328758 -18.9209136  -16.53127837  -1.67305957
  12.7010923   -5.74323447  15.62431204 -40.07946079  18.33244368
  24.90003235 -11.94497443   3.98464829   4.8861875    1.95271734
  19.43103755  -5.02102801 -32.98691684  15.87321447  16.40740919
 -17.69080326   5.79875159  -5.55127632  15.32620146 -28.66124383
  12.51215795  23.85759165 -21.98091877   8.61590593  26.71879139
  15.192594     1.50385707 -34.60440474   1.31186275   3.66245204
  -4.26220396   7.21548621  -1.45273979   2.35454402  11.54857288
 -30.99289199   2.15437704  21.63752286   3.91931654  19.35668938
   5.32334643   4.93723181 -25.62480707 -15.95057095   3.35310326
  24.57126975  -5.80368514   5.47752265  -5.15222541  16.92691307
 -11.55142495   0.8032847   22.65259164 -60.32797681  12.25038545
   4.93534139   3.59048542 -20.65511694  23.20626816 -11.65391461
  21.67675017 -34.59885611  -4.77016533  21.25737664 -19.7263388
  53.3443566    7.2756907   -2.35354636  -8.0923149   -5.56315532
 -23.76990346 -31.47951471  11.46905296 -10.87883587 -46.40212481
 -20.63721762  -6.59395143  15.48567698   8.26963467  -8.3739798 ]
Best fitness: 36629.647060

Iteration 32
========================================
Best position: [-18.77240818  27.81771369  10.87765258   8.0899043    5.17526671
   8.50992651  34.08379469   1.3454537   24.75638956 -24.67035662
   8.71385672 -16.37691719  -2.24213798  -6.50195129 -15.42689855
 -16.36861751  -5.53597903 -19.97485849 -18.91966162  -4.12981968
  22.04805857  14.79359009  18.24536084 -41.89593069  21.20480844
  30.55521058  24.06807038   9.81237265   4.47666049  11.4882469
  15.777786    -5.82171188 -31.72101871  16.346919    14.63461623
  -9.41292181   5.05931028  -8.83641337  23.71097445 -24.30782548
  12.93066535  -3.39857656 -21.10607225  11.54077395  23.98091192
  13.19369464   2.36920203 -37.84583264   1.38280219   9.61283864
   3.12182154   2.57290196  -2.04390657  -4.37588722   8.66600034
  -4.12140589   3.09593778  22.24186071  10.90024119  -3.20604124
   3.40150622   0.05952535 -40.97713303 -26.06302219   2.33902684
  26.08939725  -1.97985258   3.44989574  16.30837634  19.92898075
  -7.96340905   6.46313907  11.67805877 -59.27310022  11.10053811
   7.77693765   3.64103714 -20.97266451  22.24992978  -7.93583555
  22.55758247 -40.57883306  -5.50049359  24.03183456 -14.1499491
  25.13235154   9.49873941  -2.31510331  -1.13575416 -10.50723248
 -22.89185141 -33.10193805  14.81659452 -11.41703759 -33.33707552
 -18.8862832   -6.0452022    3.26936591  -0.74848274  -8.05691988]
Best fitness: 33457.562445

Iteration 33
========================================
Best position: [ -3.56044028  28.0236232    8.40379129   3.2985318   12.07536312
   1.355934    36.34488329   1.83674634  23.63429001 -23.07341551
   5.18106673  -4.68621685  -2.60734702 -18.88169962 -25.96124923
 -12.548243    15.06690405 -10.31055025 -12.65660098  -5.40780452
  21.21694191   3.25197765  14.74797999 -39.01340384  17.54466845
  22.50421762  27.10548847  11.01646334   1.80719591 -11.67322386
  26.24781823 -14.52901147 -30.09044624  16.53651135  16.13572524
 -14.67181216  15.02138359 -18.86865518  24.16764475 -22.58584317
  12.16654869   8.77404139 -10.2291251    7.11413296  25.73665536
  10.99933027  -2.75002158 -35.36723607  -2.43053971   9.43065692
  -9.41772601  10.96184125   5.76168488  10.80903547   7.40524711
  -4.96829422   3.91788603  25.31003773   6.87508837  -3.79095692
   9.98250459   4.3158813    1.13452735 -20.77090825   1.81971639
  20.42693756 -13.09782085   1.75120652  12.43125072  17.66930741
  -5.64833881  25.14743493  12.98556306 -56.88710599  10.94198829
   3.80873106   3.6695069  -36.94529093  15.12195563 -12.51410345
  20.50644245 -35.75143625  -4.48005037  24.84618869  -8.9401051
   7.27834195   4.93910755  -0.33397432  -3.33321487 -24.72181923
 -22.28537456 -24.38343263  15.52354134  -9.37759309 -36.47806559
 -19.81075581  -8.37627046   7.61612525   8.79871896 -10.16216844]
Best fitness: 31269.945964

Iteration 34
========================================
Best position: [ -7.37315135  18.67896754   7.23659493  -6.04771144  12.14142215
  -0.93297551  36.46470597  -6.41742164  22.38366431 -25.16745196
   1.72659903   6.57471556  -7.00640971 -20.24525033  -6.45812481
 -12.26175375   5.34288957   1.10075108  -6.74451668  -4.96646905
  15.99613559  12.60485832  11.37562031 -35.27203761  21.66256096
  17.98460702  13.69500933   8.91869435   1.29483464 -13.87767441
  -3.36220201 -20.0409595  -29.60785616  14.04352377  16.07339825
 -11.87322427  15.22176041 -20.35836579  15.4368669  -22.15264863
  10.35103247   6.46830183  27.00422014   3.80850016  23.0234582
   4.9112443   -3.47159001 -33.67939983  -2.73661577   2.41597848
  -7.81495889  12.15579202   2.9678918    0.59930811   8.07661359
  16.5998821    1.83097698  24.46018689   3.30579391 -24.31294578
   8.50205451  -0.16532786   1.72502308 -13.92774307  -0.11851989
  20.06472337  -8.57661151   3.35678641  38.88173489  15.09533804
   6.39292648  34.70777466   8.73669525 -56.19326021   9.54391583
   2.89957261   2.10336527 -20.87647802  12.58531813 -15.68262554
  18.33700992 -51.69147     -5.38462642  24.19800825   0.57456374
  -8.26311515   4.06650867   0.56321341  -9.53100441 -10.85834992
 -24.34235859 -14.56321586  15.41483114 -11.48308669 -34.03329951
 -23.75767276  -8.58739801  -4.10949353   2.3569113  -11.89066897]
Best fitness: 29587.018966

Iteration 35
========================================
Best position: [-3.81548075e-01  2.31465695e+01  8.06915299e+00 -3.05635055e-01
  1.07543428e+01  6.59091255e-01  3.81054933e+01 -8.93018028e+00
  2.39749482e+01 -2.55884736e+01  4.47260504e+00  6.37653399e+00
 -5.77551636e+00 -1.90831185e+01 -1.94681448e+00 -1.10545323e+01
  8.21919455e+00  4.30794855e+00 -1.50550612e+01 -3.86973635e+00
  1.28481576e+01  1.93547907e+01  1.16223555e+01 -3.65245949e+01
  2.38667357e+01  1.89736421e+01  7.86266619e+00  1.29692167e+01
  1.25081396e+00 -1.87553162e+01 -1.19318286e+01 -1.20720828e+01
 -2.82202126e+01  1.81518738e+01  1.48384391e+01 -1.02823906e+01
  1.29028778e+01 -1.98870284e+01  1.95893632e+01 -1.97119725e+01
  1.03615065e+01  6.06757266e+00 -5.92360500e+00  3.13781401e+00
  2.44734093e+01  5.32913246e+00 -3.12434290e-02 -3.34241980e+01
 -2.03446472e+00 -3.55424893e-01  3.74660140e+00  1.24191340e+01
  3.75699212e+00  2.53810540e+00  8.40899695e+00 -2.78736525e+00
  6.47794311e-01  2.68878582e+01  6.93880905e+00 -2.88023216e+01
  8.36331195e+00  5.71552178e-02  1.13986103e+01 -1.68288423e+01
  4.25605888e+00  1.92447537e+01 -8.33875067e+00  6.74583267e+00
  2.52821834e+01  1.96692394e+01  1.24302559e+00  2.33779069e+01
  1.32538362e+01 -5.25689688e+01  1.08715055e+01  3.52252045e+00
  3.15664844e+00 -3.01556572e+01  9.41822178e+00 -1.49923886e+01
  2.10713542e+01 -3.92786398e+01 -3.57050732e+00  2.33363150e+01
  2.41262449e+00  3.46495729e-01  7.07905540e+00 -1.58569300e+00
 -7.46861214e+00 -2.98849649e+01 -2.38683279e+01 -1.80854160e+01
  1.42620546e+01 -9.91875318e+00 -3.64414069e+01 -1.69399239e+01
 -8.17674711e+00 -3.04871818e+00  3.78757136e+00 -1.12404306e+01]
Best fitness: 28237.981064

Iteration 36
========================================
Best position: [ 10.77845419  21.22099772   5.98701858  -8.43211705   3.42908811
   3.58406339  37.94848848  -5.71227501  22.34561072 -24.89690565
   3.86717003   2.92972505  -7.54116274 -20.48071598  12.92533882
  -7.71881671   7.78522405  11.99789421 -15.1486515   -7.33589559
  12.41225908  15.60428537  10.23693242 -35.53202903  20.44714888
  17.38425622   1.98213155  11.05671132   1.02840963 -10.43678355
   0.27361989 -15.72332096 -28.78369471  15.97657196  13.43823602
  -8.33876157  18.49015058 -15.17950051  13.54751728 -18.47228175
   9.27957876   8.25637755 -21.19964343  -1.18755169  26.4612992
   1.37347253 -20.5227395  -32.17420741  -3.33435848  -2.03476384
   9.62582455  16.98834301   4.32343208   0.58981577   1.40727286
   2.09522042  -1.32770226  28.53583542   8.49744494 -19.84770581
   8.31885354   0.10524819  12.64515401 -13.8809591    1.49092997
  14.61012441  -2.55997147   5.54188793  35.44451697  21.15685125
   3.51763009  10.4114276   12.22755552 -52.96535202   9.25331138
   4.17431863   2.31161392 -25.90531161   6.19219681 -19.74971514
  18.3322455  -37.5091859   -3.95212125  23.41919297   4.83679924
 -20.94185381  11.86845466   0.05643896 -10.6608137  -16.2525267
 -22.92172949 -22.11738824  13.89212986  -9.7267005  -33.57696287
 -15.35092533  -9.24307889  -9.93652873  -0.97082509  -9.54029708]
Best fitness: 27262.816004

Iteration 37
========================================
Best position: [  9.74687863  10.14648079   6.68275728  -3.26067083   3.80779884
   5.60788539  38.74685149 -11.24411386  22.05807097 -25.50706352
   4.2741282    3.47984197  -2.35191032 -26.4612678    1.76268477
  -7.47367023  14.06053988   0.81101332 -16.75646969   0.38659054
  14.74358296   8.99288297  10.70924365 -35.22999699  26.86228808
  17.07867172  -6.6182421   18.64615009   0.60264215  -8.81479454
  -9.00387031 -10.67273835 -25.50085872  19.53779243  11.34853937
  -1.133673    17.63466698 -10.1270668   -1.03338351 -16.82539771
   5.85133813  19.25974193 -13.29462598   2.14375581  24.60775386
  -0.13675535  -2.8123431  -35.91756385   0.59640335  -4.16636221
  -0.16196104  24.90201314   2.19166997   0.39322148   5.06615545
  -2.36157374  -3.26464889  31.50839173   8.20983747 -21.88834583
   8.03285444  -3.4574566    5.8174206   -7.60316807   5.14292936
  14.53498391  -6.90426135   5.15491637  28.17745476  20.07603779
  10.2088687   -6.78804099  11.85628817 -49.95233823  14.35755268
   5.65208653   1.5005278  -18.97754346   2.62600286 -14.63922734
  19.91398469 -45.40672986  -3.56493434  22.87490309   0.69169176
   5.59927014  13.37184715   3.48172815  -7.93646661  -1.57814773
 -22.23475999 -17.73100383  13.05459234 -10.42012609 -34.14855962
 -16.59871495  -8.63800834  -8.86454379   6.707936   -11.05472974]
Best fitness: 25661.436288

Iteration 38
========================================
Best position: [  7.89482514  22.19667439   6.48693176  -1.9458114    3.52866199
   6.14289051  37.3319928   -6.69256453  24.62048229 -25.25924708
   3.86049317   0.28050492  -9.69598569 -23.46285442  -6.84577748
  -5.05625502   4.74300717   9.48343395 -18.91995342   0.68873196
  18.1794651    4.34865815  10.85300004 -33.97071206  15.49041095
  15.7872428  -25.80913179   0.11904878   0.90185154  -1.16203568
 -12.15099389  -7.53755266 -25.37434921  15.76867477  15.03386316
 -10.02694423   9.32358739   1.40945551   9.16181889 -15.70454334
   8.04925963   6.99255027 -11.5432437    0.62066757  24.87186631
   2.17548114  -0.19083971 -32.25733611   1.95247646  -1.8388719
   7.16217681  23.68135271   4.43738084  -3.16923646   4.04496988
   0.67044049  -1.18550519  31.82536877  12.65851789  -8.01404656
  10.8645003   -1.61808354   9.35283941 -10.54452458   6.60908964
  11.90990912  -5.27389393   9.6032721   33.65829121  20.74613057
  10.77759935   1.49761581  12.50815478 -51.03295753  11.23224449
   4.30319773   3.13181891 -23.6747376    2.27238029 -14.53715399
  28.15125955 -30.02996855  -0.5250384   24.20518574  -2.81395841
   5.89664918  14.67383549   2.88426059  -7.26592145 -11.00521004
 -20.47480316 -19.87457579  10.91915013 -10.50146203 -23.02278995
 -15.42305127  -7.02920189  -4.71171731   4.50051218  -7.79872957]
Best fitness: 23657.911899

Iteration 39
========================================
Best position: [ 1.11358010e+01  1.25681170e+01  5.21443664e+00 -1.63915440e+00
 -4.57725371e+00  4.05385804e+00  3.39375026e+01 -5.80600374e+00
  2.27953889e+01 -2.80794475e+01 -3.44216537e-02 -9.20739095e+00
 -1.35330600e+01 -1.72771935e+01 -8.80786951e+00  3.51727960e+00
 -3.73918264e+00  2.26719646e+01 -2.16370031e+01 -6.17048515e+00
  1.69566947e+01  4.26561881e+00  9.10733705e+00 -3.63186339e+01
  7.21029773e+00  1.01088724e+01  2.54369701e+01 -1.99097324e+01
  1.82264652e+00  2.71306926e+00  1.45799446e+00 -7.68902116e+00
 -2.69588231e+01  1.11456790e+01  1.43055556e+01  3.42431392e+00
  7.55547529e+00  1.68529273e+01  5.95120741e+00 -1.77207608e+01
  7.37265829e+00  1.75807959e+00 -1.71544007e+01 -1.67412966e+00
  2.41931505e+01  6.50708904e-02 -9.82869067e-01 -3.61268701e+01
 -6.70343175e-01  3.14130125e+00  1.82616036e+01  1.89624778e+01
  1.96397921e+00 -1.04255170e+01 -6.56250994e+00  1.93037278e+00
 -3.57902982e+00  2.76009265e+01  3.91768288e+00 -8.32630891e-01
  4.95694872e+00 -3.97034294e+00  1.94112779e+00 -3.88540626e+00
  2.95289374e-01  1.40053752e+00 -1.24270711e+00  7.24491602e+00
  2.19570751e+01  1.79377392e+01  1.50371670e+01  1.51497762e+00
  7.38985393e+00 -4.91881263e+01  8.55474984e+00  1.90528863e+00
 -8.84874378e-01 -5.08537357e+00  4.36047248e-01 -1.56227875e+01
  2.62465368e+01 -2.88065985e+01 -6.33201793e+00  2.24688122e+01
 -4.78296280e-01  7.84096352e+00  1.52672417e+01  5.39420829e+00
 -6.55261687e+00 -1.23432862e+01 -2.22027429e+01 -1.98554994e+01
  6.71400971e+00 -1.30273739e+01 -1.51195856e+01 -1.63233871e+01
 -1.21249480e+01 -4.45850216e+00  3.73620754e+00 -1.13889590e+01]
Best fitness: 21627.709546

Iteration 40
========================================
Best position: [  2.888897    14.93511115   6.44666443  -0.41703112  -4.4766962
   4.71854098  33.3865193   -6.03243033  24.20448069 -23.98579301
   1.30561217  -7.36883624  -6.42520675 -24.0568801   -5.8607481
   6.77285505  -2.17053887  19.71436891 -21.20956988  -5.25881404
  15.68228666  14.85686336   8.60668976 -34.8450297    9.84001994
  13.5548993   21.42875902 -19.3724062    1.90890236   3.4373129
   0.28076411  -5.02766548 -26.73329524   9.32503225  15.67498421
   2.29832008  12.00585776  18.43380564   5.90043861 -15.47150562
   7.6616588   -0.6323185  -18.01020691   1.00916595  24.70353617
  -0.10947648   3.6252984  -35.9940004    0.42156966  -2.2946214
  21.92645894   0.8999107    1.64649433 -11.16594091  -3.52334608
   1.87963808  -4.54932886  28.36667413   2.23631142  15.74254947
   4.5864247   -3.70672186 -11.03574678  -5.34690051  -1.06937771
  -2.80258199   0.15636548   5.30815909  17.53081702  18.55334421
  23.21421377   0.98687144   4.65128442 -45.6076111    7.3369724
   6.95116998  -0.25179053   1.0384233    0.38368665 -13.29621823
  23.30404633 -27.5874178   -5.21141592  22.93301041   5.55242243
  -0.38246952  15.99234225   9.87536382  -4.46495846  -0.20797278
 -18.9006678  -19.75233125   6.71100287 -10.54681176 -10.93327814
 -15.62314887 -11.63100518  -5.60697998   4.26036255 -14.73403738]
Best fitness: 20714.714102

Iteration 41
========================================
Best position: [  4.26959418   8.4180152    4.98400871   8.233902    -2.66945195
   4.64451455  30.6719825   -4.40242395  24.14602443 -25.414897
   1.56367662 -10.96642727  -6.72751317 -15.91155919   1.64232152
   6.20230815 -10.97801397  28.6516394  -21.23985936  -7.54140836
  17.4137806    8.73751552   4.69313741 -34.96955603   8.30072653
   5.2778722  -10.62860434 -13.87574806   2.0242305    1.92454286
  -8.33299379  -6.99758139 -27.58737985  11.97752852  16.65644737
   2.35707738  12.07524589  14.16596447   5.5053377  -16.24882225
   8.77756123  -3.34489833 -20.64147867  -0.23912078  24.83267145
   1.50650777   5.4102647  -37.11661482   3.9156103   -7.34753884
   8.4478282   -2.15472289   1.39500635 -12.27000189 -10.21957561
  14.87339422  -4.13712825  19.5483743    3.78236812  20.84512361
   3.78314659  -3.7757706  -11.45302091  -1.80141078   1.84654593
  -7.65985126   0.29497785   4.93519254  13.54663864  16.37320659
  22.62969111  -1.55285201   1.11031156 -45.5309664    4.53730553
   4.33697968  -2.4161717    0.6997979   -0.99947851 -13.77952059
  24.24760312 -28.90947415  -6.62371208  21.72678916   1.23148467
  -0.41637612   3.70591431  11.43632619  -2.33800886  14.06159879
 -18.59711947 -20.25766349   6.43084472 -11.1706767   -6.76695308
 -16.16778664 -12.41385811  -2.76697354   0.41940272 -16.25211085]
Best fitness: 19775.509572

Iteration 42
========================================
Best position: [  3.09694845  -3.44759597   7.96672576   1.75879386   9.6784402
   4.17253387  34.36422719  -5.31468939  24.87899582 -18.26387614
   3.79600552  -3.95887783   6.1092121  -21.63004608   2.54373605
  11.84036287   0.1159787   23.80833978 -14.39625013  -6.54664638
  15.94341566  13.26356773   8.22162071 -35.33860212  13.56535447
   7.13403855  -3.73214581 -12.8119062    0.34911977   3.08899703
  -7.36695948  -7.40687792 -27.54916648   2.94722191  13.03043773
  -6.22787525   3.27382766  14.0658435    8.94304564 -14.66425897
   7.36116472  -3.68001076 -14.83944796   2.15831915  26.05632494
   3.43417652  -2.42365034 -35.39800252   2.16039174  -4.40023166
  14.13413113   8.89780121   3.5560299   -4.99784772  -3.41035881
  -6.50827827 -11.93863478  27.49437729   1.22708829   0.44799142
  13.03956508  -4.77632182   1.9287148   -4.54960462   0.39462147
   0.44976399  -2.92555941   5.78726746  10.10179473  16.49773477
  12.15579533  -1.35034564   3.24383971 -35.57289583   3.43534706
   6.95983062   0.84960425   6.91238451   6.855313   -13.51871652
  14.96667933 -29.89755484  -2.12910667  24.06901736  -8.29037151
   5.62878559  -2.05609375   6.66291255  -7.18513541  -9.0382728
 -18.33533069 -15.1084425    5.9171742   -9.65132642 -24.70442172
 -15.41908176  -9.79751623  -7.94845137   0.79349801  -0.98703184]
Best fitness: 17238.223365

Iteration 43
========================================
Best position: [ -0.11764275  -6.39313385  12.7107204   16.87588533   6.93517287
   5.88010846  27.37460544  -1.08927305  27.15983192 -14.23768119
   5.14243238 -12.05752409  18.33004615 -19.53394219   6.69400785
   9.71085027   1.02514328  19.78476312 -13.85812355  -4.99377878
  11.94560773   1.67114792   4.10507537 -33.52165787  -1.44304757
   2.74291717 -10.87581503   8.88163048   0.76313543   5.03251775
  -1.34183661  -4.47967949 -27.23510652   7.45726712  14.75240989
  -3.49423861  12.2769625    9.79325825   5.4299424   -9.1574433
   7.38334031   2.38733866  -9.4251514    3.12900067  26.56923191
   4.16829368  -4.44490471 -34.26493745   6.65537773 -15.35188662
   2.26049241   7.11210136   2.85764201  -8.38624055 -11.7269238
  -8.49330739 -13.65412252  10.06340555  -0.17153467   9.83040731
   1.25641281  -2.83340106   1.1748529    1.96110418  -1.02975554
  -2.83629539  -0.58651854   7.78863436  10.66757318  14.82392932
  10.76921814  -6.21515043   4.83062643 -28.87850026  -3.98719458
   5.15480267   1.53649436  -9.06472874   9.88742414 -14.87430397
  15.12213383 -40.61825253  -6.41968674  23.88574715  -1.31566369
   2.59060154   1.25441085  -0.09300653  -4.48697792  21.8068895
 -17.1503485  -14.27561049   4.89957467  -6.34961772  -5.10219417
  -9.68088466  -9.464403    -3.43376545  -5.61015127  11.29632445]
Best fitness: 15725.574425

Iteration 44
========================================
Best position: [ -0.11764275  -6.39313385  12.7107204   16.87588533   6.93517287
   5.88010846  27.37460544  -1.08927305  27.15983192 -14.23768119
   5.14243238 -12.05752409  18.33004615 -19.53394219   6.69400785
   9.71085027   1.02514328  19.78476312 -13.85812355  -4.99377878
  11.94560773   1.67114792   4.10507537 -33.52165787  -1.44304757
   2.74291717 -10.87581503   8.88163048   0.76313543   5.03251775
  -1.34183661  -4.47967949 -27.23510652   7.45726712  14.75240989
  -3.49423861  12.2769625    9.79325825   5.4299424   -9.1574433
   7.38334031   2.38733866  -9.4251514    3.12900067  26.56923191
   4.16829368  -4.44490471 -34.26493745   6.65537773 -15.35188662
   2.26049241   7.11210136   2.85764201  -8.38624055 -11.7269238
  -8.49330739 -13.65412252  10.06340555  -0.17153467   9.83040731
   1.25641281  -2.83340106   1.1748529    1.96110418  -1.02975554
  -2.83629539  -0.58651854   7.78863436  10.66757318  14.82392932
  10.76921814  -6.21515043   4.83062643 -28.87850026  -3.98719458
   5.15480267   1.53649436  -9.06472874   9.88742414 -14.87430397
  15.12213383 -40.61825253  -6.41968674  23.88574715  -1.31566369
   2.59060154   1.25441085  -0.09300653  -4.48697792  21.8068895
 -17.1503485  -14.27561049   4.89957467  -6.34961772  -5.10219417
  -9.68088466  -9.464403    -3.43376545  -5.61015127  11.29632445]
Best fitness: 15725.574425

Iteration 45
========================================
Best position: [  4.26429958  -0.81450567  13.92765629  18.73838144   5.97993802
   4.19737919  25.78720327  -6.75438498  27.30971005  -9.96967722
   2.51137035 -14.86501153  19.4408716  -20.54371491   9.15361872
  10.76286348   2.92545862  15.25717411 -15.82681385  -2.84967146
   3.13965001   1.36377463   2.9599791  -31.92805364  -1.72670796
   1.8781036   -8.16751239   6.00372127   0.14435056   3.77702731
  -3.53926967  -4.89446816 -27.50837566   3.15148076  13.83537822
  -4.92072087  12.39662875  -2.16158652   7.41993612 -10.32666942
   5.99447178   5.32620477  -7.19391269   1.35280062  26.0530967
   3.73429932  -9.21302023 -34.50800275   4.43682659 -16.05256638
   1.54895587  12.10272271   1.85645886  -7.65108642 -12.80531342
 -16.45122328 -14.64252285   7.38130473  -5.11756428   8.95565817
  -0.36052829  -2.20534012   2.13833161   2.15595808  -1.85444315
  -1.18369269   0.23320453   8.17298343  15.1426225   15.7391295
   7.78370106  -8.17456404   6.30177724 -22.59833488  -7.52957925
   3.09756701   1.47672452 -14.66306592   6.50203057 -16.52102342
  11.76026568 -35.37984101  -7.76144053  22.37714922  -2.04492657
   2.75819195  -0.43922498  -0.99173921  -4.69103179  26.48829637
 -18.74856056 -13.54351981   3.43421137  -4.98660074  -5.12872108
 -11.79033992 -10.45692873  -4.4677895   -3.18768237  14.9250938 ]
Best fitness: 15412.808894

Iteration 46
========================================
Best position: [  7.94763914   4.69274353   5.25825363   9.56036605  -1.06869716
   6.52534391  28.83129874  -4.78699648  27.61039102 -10.31739597
   2.72950968 -14.98660553  -7.85254619 -19.56570458   5.46806796
  13.59159404   3.23488133  16.9944926  -13.39279557  -2.30458502
  -9.63600931   4.11892681   2.69933852 -32.04662308  -0.57587485
   3.62803562  14.03101111 -12.80636763   2.04121309  -0.82354444
   0.18399764  -4.37028456 -26.72942371  -0.709278    13.64051849
  -0.68798063   8.08724519  -0.45645046   6.87348976  -4.15357682
   7.77906015  -3.42072024  -8.59851394  -1.15702136  25.07654077
   4.48826687  -0.61456007 -33.58199797   5.27477933 -12.63508879
   6.84215253   7.05761497   2.2146356   -8.40567786  -7.63727907
  -9.8353397  -16.98776338  13.64521307  -9.90914024  15.12067844
   0.84510983  -2.07160871   2.44622679   1.97588626  -3.3732573
  -5.438901    -2.03342493  10.36152857  22.06916451  15.61733221
   9.00396395  -6.86340803   3.49446674 -28.46654054  -5.03717239
   5.40481109   1.57500467  -0.69501016  -2.13867839 -15.24855909
  13.54020116 -22.41169828  -6.17188845  20.1172384   -3.7749993
  -0.70534453  -5.19890894  -0.15920619  -4.63134939  10.68613081
 -19.13556592 -16.3715283    4.00856051  -9.35661982  -6.18321606
 -10.34441046  -8.80344721  -2.55575378   6.22198203  25.80782277]
Best fitness: 14282.348355

Iteration 47
========================================
Best position: [ 9.24133239e+00  4.88955482e+00  7.72525079e+00 -8.11631337e+00
  1.05374252e+00  4.72287959e+00  2.24990513e+01 -5.83720182e+00
  2.59789957e+01 -3.46763635e-01  1.64720460e+00 -1.36098816e+01
  7.22186934e+00 -2.03823301e+01  3.20243411e+00  8.65502923e+00
 -8.18210149e+00  1.41079950e+01 -1.55770388e+01  1.49692736e+00
 -9.97701343e-01  4.51842486e+00 -1.56715557e+00 -2.94680071e+01
 -2.62783687e+00  6.33227068e+00 -3.64266475e-01  2.96684247e+00
  1.27313775e+00  1.38642892e+00 -2.88269498e+00 -5.88822409e+00
 -2.86498082e+01  5.17075868e+00  1.41582779e+01  3.27773823e-02
  8.69339421e+00  6.74192476e-01  8.88672240e+00 -9.79707346e+00
  5.70190945e+00 -3.32978040e+00 -8.20214451e+00 -8.61828796e-01
  2.55653449e+01  3.74105646e+00  3.80464569e+00 -3.53612380e+01
  2.44907807e+00 -1.02455065e+01  7.50962947e+00  5.90070927e+00
  1.19734385e+00 -3.29836628e+00 -6.87272819e+00  1.37872009e+01
 -1.38416507e+01  7.35029238e+00 -1.49273903e+01  1.19291312e+01
  2.65129990e+00 -1.24843008e+00  6.38835644e+00  1.16903870e+00
 -2.48171482e+00 -7.07332057e+00 -1.15584226e+00  1.02802192e+01
  1.04100547e+01  1.30341953e+01  9.35460555e+00 -1.07641911e+01
  5.39562880e+00 -1.95618273e+00 -8.51417860e+00  3.16384500e+00
 -2.90282430e-01 -3.76293865e+00  8.28357407e+00 -1.71090956e+01
  1.27145360e+01 -1.12443289e+01 -9.34289590e+00  1.81503771e+01
  4.56933284e-02  4.19572180e+00  1.97656566e+00 -1.35360576e+00
 -4.49486450e+00 -1.24592920e+01 -1.98250308e+01 -1.87959984e+01
  1.50775297e+00 -6.88560584e+00  5.33481041e+00 -9.73897680e+00
 -1.01939135e+01 -1.45549320e+01  1.28661258e+01  2.32325834e+01]
Best fitness: 12156.104185

Iteration 48
========================================
Best position: [ 9.24133239e+00  4.88955482e+00  7.72525079e+00 -8.11631337e+00
  1.05374252e+00  4.72287959e+00  2.24990513e+01 -5.83720182e+00
  2.59789957e+01 -3.46763635e-01  1.64720460e+00 -1.36098816e+01
  7.22186934e+00 -2.03823301e+01  3.20243411e+00  8.65502923e+00
 -8.18210149e+00  1.41079950e+01 -1.55770388e+01  1.49692736e+00
 -9.97701343e-01  4.51842486e+00 -1.56715557e+00 -2.94680071e+01
 -2.62783687e+00  6.33227068e+00 -3.64266475e-01  2.96684247e+00
  1.27313775e+00  1.38642892e+00 -2.88269498e+00 -5.88822409e+00
 -2.86498082e+01  5.17075868e+00  1.41582779e+01  3.27773823e-02
  8.69339421e+00  6.74192476e-01  8.88672240e+00 -9.79707346e+00
  5.70190945e+00 -3.32978040e+00 -8.20214451e+00 -8.61828796e-01
  2.55653449e+01  3.74105646e+00  3.80464569e+00 -3.53612380e+01
  2.44907807e+00 -1.02455065e+01  7.50962947e+00  5.90070927e+00
  1.19734385e+00 -3.29836628e+00 -6.87272819e+00  1.37872009e+01
 -1.38416507e+01  7.35029238e+00 -1.49273903e+01  1.19291312e+01
  2.65129990e+00 -1.24843008e+00  6.38835644e+00  1.16903870e+00
 -2.48171482e+00 -7.07332057e+00 -1.15584226e+00  1.02802192e+01
  1.04100547e+01  1.30341953e+01  9.35460555e+00 -1.07641911e+01
  5.39562880e+00 -1.95618273e+00 -8.51417860e+00  3.16384500e+00
 -2.90282430e-01 -3.76293865e+00  8.28357407e+00 -1.71090956e+01
  1.27145360e+01 -1.12443289e+01 -9.34289590e+00  1.81503771e+01
  4.56933284e-02  4.19572180e+00  1.97656566e+00 -1.35360576e+00
 -4.49486450e+00 -1.24592920e+01 -1.98250308e+01 -1.87959984e+01
  1.50775297e+00 -6.88560584e+00  5.33481041e+00 -9.73897680e+00
 -1.01939135e+01 -1.45549320e+01  1.28661258e+01  2.32325834e+01]
Best fitness: 12156.104185

Iteration 49
========================================
Best position: [ 1.25605865e+01  6.45491302e+00  8.50481619e+00 -5.02569059e+00
  5.00770935e-01  4.62291624e+00  2.05825853e+01 -5.51972324e+00
  2.64305256e+01  4.87422722e+00  3.53827002e-01 -1.42442797e+01
  1.14618057e+01 -2.00482395e+01 -1.01229183e-01  8.00030181e+00
 -1.02425061e+01  1.44682066e+01 -1.50686651e+01  1.46819697e+00
  3.83096988e-01 -6.06495467e-01  9.81572927e-01 -2.97287905e+01
  1.41560730e+00  3.50093268e+00 -5.48013952e+00  9.21505624e+00
  1.83544917e+00  1.45956146e+00 -6.65669938e+00 -5.50228731e+00
 -2.89467554e+01  5.58185098e+00  1.36678597e+01 -4.52476485e+00
  1.06094754e+01 -3.82348849e-01  7.83772021e+00 -9.24805784e+00
  5.05357144e+00  1.40924545e+00 -7.92973995e+00 -3.85675239e+00
  2.55886738e+01  1.84967539e+00  5.78993107e+00 -3.43532223e+01
  7.41174552e-02 -8.73479248e+00  6.44887617e+00  4.99971686e+00
  1.03277700e+00 -3.01062576e+00 -8.65135711e+00  1.22117183e+01
 -1.32378213e+01  5.19767138e+00 -1.35950250e+01  1.05361906e+01
  1.74517038e+00 -9.43356320e-01  7.30281981e+00  1.72780133e+00
 -1.61208912e+00 -1.07158307e+01 -3.69765833e+00  1.15788509e+01
  8.25645091e+00  1.21656188e+01  9.05806709e+00 -7.82649840e+00
  5.92806858e+00  8.96874790e+00 -9.14665601e+00  3.08175918e+00
 -2.86772525e-02 -4.19669030e+00  9.08403273e+00 -1.65391552e+01
  1.32933601e+01 -3.73094194e+00 -9.52442305e+00  1.76988368e+01
  8.70366957e-01  4.09512838e+00  1.57216018e+00 -5.98399755e+00
 -4.94227737e+00 -1.17604827e+01 -1.95739968e+01 -1.76163945e+01
  9.21016021e-01 -5.91477544e+00  4.86913844e+00 -9.71897303e+00
 -1.03624642e+01 -1.33278637e+01  1.03232935e+00  2.38173086e+01]
Best fitness: 11902.985655

Iteration 50
========================================
Best position: [ 1.13733366e+01  4.41018406e+00  8.00981367e+00  3.39691404e-02
  3.08312497e+00  4.43371713e+00  1.98545203e+01 -4.44511780e+00
  2.58657562e+01  8.22112309e+00  1.02349753e+00 -1.31624628e+01
 -2.41655929e+00 -2.03350001e+01  2.52370900e+00  1.01931945e+01
 -8.63013273e+00  1.37824179e+01 -1.37400638e+01  6.72973549e-01
  8.60883579e-02  4.03591667e+00 -1.39589417e+00 -2.91358950e+01
  1.00874806e+00  5.32964844e+00 -2.63497067e+00  1.01601674e+01
  1.26118400e+00  8.60674884e+00 -7.74852357e+00 -6.63661238e+00
 -2.92121557e+01  6.31202689e+00  1.30821088e+01 -4.92681666e+00
  9.88490926e+00 -5.82635459e-01  6.61394943e+00 -8.30786688e+00
  5.12505099e+00 -2.90393175e+00 -8.74110852e+00 -2.62949683e+00
  2.69651097e+01  3.93084295e+00  4.82061220e+00 -3.45897162e+01
  1.76743345e+00 -4.48399171e+00  5.67317270e+00  7.53903771e+00
  8.46296572e-01 -1.96458669e+00 -1.22262149e+01  1.06352222e+01
 -1.40540293e+01  5.02613655e+00 -1.21094101e+01  8.57124614e+00
  1.27439917e+00 -1.27020454e+00  7.04852807e+00  1.43059461e+00
 -1.42118269e+00 -2.45399905e+00 -4.22131942e+00  1.13871612e+01
  7.42134878e+00  1.28609245e+01  7.20982691e+00 -6.44944599e+00
  6.29153618e+00 -9.46573836e-04 -8.28919544e+00  3.61783462e+00
 -4.66766751e-01  1.64997945e+01  8.22488326e+00 -1.71198552e+01
  1.32612783e+01 -6.93518577e-01 -1.01839379e+01  1.82728804e+01
  2.81275862e-01  1.86476502e+00  3.44795355e+00 -9.25557656e+00
 -5.17151280e+00 -9.69135985e+00 -1.98596870e+01 -1.65774018e+01
  1.77413683e-01 -6.93647532e+00 -3.39583484e+00 -1.08328146e+01
 -1.06814192e+01 -1.45612765e+01  9.01819145e-01  2.16885545e+01]
Best fitness: 11697.232954

Iteration 51
========================================
Best position: [  3.81905449   3.97321646   7.72734816  -0.85918801   5.70098571
   4.45166547  22.01683101  -4.40468512  24.79638689   7.32371747
  -0.04846919 -15.78636013  -6.25052646 -21.24439464   1.90300704
   7.35154193  -6.53221077  16.1363152  -10.17237381  -0.7565822
  18.81017813   1.64841408  -2.34049454 -30.11083705   0.451487
   4.23862644  -2.99572583   0.51760536   1.97460784  11.247293
  -7.16100681  -6.16626189 -29.19543848   4.12812538  12.60141271
  -4.34251652  10.69733858  -0.68293023   2.76904996 -10.18875109
   4.55087281  -1.95984794  -9.09793761  -1.42569395  26.43591124
   2.87530973   5.65224004 -35.84922611   2.41409327  -2.76594188
   7.81626444  13.46411419   0.86291321  -4.21550661 -13.91851209
   0.91313968 -13.54824939   4.45079842 -10.63792962   8.89977728
   0.50906443  -2.32488819   6.34567769   1.29112693  -1.09070402
  -1.21736089  -3.70829145  11.20017672   5.32805947  12.34313905
   7.63062762  -8.81177075   4.78979126   4.4099726   -9.46298196
   3.86678621  -0.61978043   5.44007085   5.70630344 -17.74063726
  12.36096728   5.40794267  -9.97960353  18.0627933   -0.21218855
   1.37485048   3.91271698  -8.77197441  -6.21615479  -4.69159214
 -20.37412644 -15.99531055  -0.21300746  -6.30263337  -4.42669038
 -10.51808828 -10.12644004  -6.91594386  -5.79340328  21.09957979]
Best fitness: 11570.716299

Iteration 52
========================================
Best position: [  9.34078657   2.47752789   9.29646256   6.81588438  10.93786525
   4.28391331  19.21499961  -2.67369117  25.83747556  14.82621883
   0.34771663 -17.09099809   0.42323798 -19.53251307   4.97022704
   7.78109772  -5.45179304  16.01169876  -6.19019405   0.76619718
  13.46496721   2.35228912  -1.57863746 -30.23528129  -4.81718412
   1.84551977   3.44044317  -3.79996729   2.82788609  11.14222192
  -7.73940135  -6.28056044 -29.14265765   6.02984001  13.02597759
 -10.32712676  12.5994083   -0.19205708   4.25560659  -9.42249545
   4.72883089  -1.81687744  -8.03511095   0.49986851  28.16540509
   4.22302349   5.15200764 -33.54846781   2.15480782  -4.19147394
   6.35000859   8.90315346   1.99782079  -1.25992957 -13.0164258
   0.19941877 -12.52552216   6.61248649 -10.43137719   8.93442431
  -3.57376078  -0.25826811   7.03238881   0.27706793  -0.616119
  -0.1801959   -5.88174342  13.37990591   2.48990441  12.3636877
   8.0959107  -10.13167345   6.07455386   5.37227978  -8.16148893
   4.47930146  -1.52991739   3.77395412   3.53867909 -16.11777292
  13.62713795   4.47696459  -8.70154306  18.55421242   1.31394017
  -0.52370545   4.03930073  -2.56623277  -5.24697552  -3.93970803
 -20.61022493 -13.91478172  -0.4597494   -5.67836186  -7.06254768
  -9.60629583  -7.54528881  -9.60468338  -6.80967735  21.18173982]
Best fitness: 11463.348441

Iteration 53
========================================
