Iteration 0
========================================
Best position: [ 0.35547694  0.11868333 -0.54764878 -0.33345896 -0.59849894  0.16601294
 -0.27606082  0.25349297 -0.8610237   0.40226266 -1.         -0.24904322
 -0.60172229 -0.61818863 -0.66647616 -0.46207619 -0.13043151  0.57461941
  0.35252312 -0.59919544  1.          0.17019349  0.24654663  0.91489451
  0.37972061  0.55980442  1.          1.          0.02845353 -0.02178832
 -0.98665381 -0.1119114  -0.49355202  0.38333736  0.42210192 -0.57877934
 -0.45077565 -0.40784086 -0.89190068  0.50723368 -0.41072926  0.78717182
 -0.33224134  0.72217287  0.82018736 -0.72626974  0.00852303  0.87942273
 -0.92860766 -0.61143197 -1.          0.03696474 -0.46338832 -0.27764154
 -0.28515571 -0.20104031  0.16033941  0.05384524  0.74192074 -1.        ]
Best fitness: 522.766127

Iteration 1
========================================
Best position: [ 0.40915738 -0.38471682  0.55168239  0.58236012 -0.73746782 -0.73943539
  0.83930447 -0.939479    0.24689544 -0.61919449 -0.45546764 -0.3320565
  0.39737261 -0.67741371  0.15535748 -0.19192341 -0.23963034 -0.34066893
 -0.16398914 -0.98038708  1.         -0.22992959  0.48231547  0.47164712
  0.601181    1.         -0.98182598  1.          0.00306785 -0.45428159
 -1.         -0.18745136 -0.0862225  -0.60714103  0.96333064 -1.
 -0.99953257 -1.         -1.          0.43955716 -1.          0.94416538
 -0.97518    -0.68365958  0.53398681 -0.98886526 -0.02598028 -0.56056712
 -0.76612338 -0.56823303 -0.30395918 -0.10805575 -1.         -1.
 -1.         -1.         -0.2128258  -0.79746818  0.00263618 -1.        ]
Best fitness: 180.249629

Iteration 2
========================================
Best position: [ 1.          0.20703294  1.          0.59766415  0.04410814 -0.30286194
  0.99819278 -0.28545292 -0.56445846 -0.35251445 -0.40814157 -0.54898074
 -0.73164749 -1.         -1.         -0.59043043 -0.88716469 -0.39752855
  0.2071157  -0.77852367  1.         -0.18955004  0.48813718  0.41488222
  0.16146746  0.11778858  0.09753609  1.          0.45610781 -0.66835358
 -1.         -0.41932715 -1.         -0.83019887  1.         -1.
 -1.         -0.59762617 -1.          0.62560371 -1.          0.66442962
 -1.         -0.37296012  0.85800962 -0.03475827 -0.52749021 -1.
 -1.         -1.         -0.42275588 -1.         -1.         -0.86171974
 -1.         -0.56220234 -0.65659082 -0.42781032 -0.03076578 -1.        ]
Best fitness: -87.682332

Iteration 3
========================================
Best position: [ 1.         -0.00239298  1.          0.73914751 -0.40305148 -0.0719952
  1.          0.06755306 -0.49469691 -0.91012936 -0.49484702 -0.94356348
 -0.47365712 -1.         -1.         -0.25865034 -1.         -0.20316056
 -0.53542051 -1.          1.         -0.1864623   0.42491305  1.
  0.46671345  1.         -0.28772162  1.          0.58712151 -0.50615989
 -1.         -0.53420271 -0.64998082 -1.          1.         -1.
 -1.         -1.         -1.          0.48475537 -1.          1.
 -1.         -0.78892923  0.33610226 -1.         -0.20629502 -0.69693024
 -1.         -0.57098286 -0.17431309 -0.48894293 -1.         -1.
 -1.         -1.         -0.81749039 -1.          0.06474317 -1.        ]
Best fitness: -234.637134

Iteration 4
========================================
Best position: [ 1.         -0.46362693  1.          0.5982548  -0.48527287 -0.15027271
  1.         -0.02853422 -0.5005665  -0.43098577 -0.38751767 -0.37198836
 -0.30061855 -1.         -1.         -1.         -1.         -0.51750306
 -0.56349205 -1.          1.         -0.11232163  0.34648966  1.
  0.42760051  1.         -0.30633719  1.          0.53805267 -1.
 -1.         -1.         -0.61950691 -1.          1.         -1.
 -1.         -1.         -1.          0.43584632 -1.          0.93097708
 -1.         -1.          0.35808839 -1.         -0.46456488 -0.58317086
 -1.         -1.         -0.83879052 -0.72989852 -1.         -1.
 -1.         -1.         -0.90389223 -1.         -0.46676074 -1.        ]
Best fitness: -301.383185

Iteration 5
========================================
Best position: [ 1.          0.10299504  1.          0.96348659 -0.25636719 -0.10247904
  1.          0.76405699 -0.20930863 -1.         -1.         -0.1684021
 -0.64886625 -1.         -1.         -1.         -1.         -0.35277389
 -1.         -1.          1.         -0.25188168  1.          1.
  0.42847     0.75394757 -0.33442192  1.          0.78513616 -1.
 -1.         -1.         -0.96033962 -1.          1.         -1.
 -1.         -1.         -1.          0.96844585 -1.          1.
 -1.         -1.          0.64249552 -1.         -1.         -1.
 -1.         -1.         -0.59639883 -1.         -1.         -1.
 -1.         -1.         -1.         -1.         -0.72218324 -1.        ]
Best fitness: -400.641453

Iteration 6
========================================
Best position: [ 1.         -0.72488369  1.          0.92448044  0.27524415  0.22888432
  1.          1.          0.02410288 -0.83811856 -0.72230898 -0.32373486
 -0.11598658 -1.         -1.         -1.         -1.         -0.12309299
 -1.         -1.          1.         -0.16548786  0.76637871  1.
  0.26367058  1.         -0.03680808  1.          0.91617492 -1.
 -1.         -1.         -0.85153554 -1.          1.         -1.
 -1.         -1.         -1.          0.59415111 -1.          0.97228287
 -1.         -1.          0.59280559 -0.85513254 -1.         -1.
 -1.         -1.         -1.         -1.         -1.         -1.
 -1.         -1.         -1.         -1.         -0.95997488 -1.        ]
Best fitness: -477.400964

Iteration 7
========================================
Best position: [ 1.         -0.77813755  1.          0.97889971  0.664254    0.2005551
  1.          1.          0.0307261  -1.         -0.61230266 -0.19076382
 -0.0040548  -1.         -1.         -1.         -1.         -0.07675963
 -1.         -1.          1.         -0.05744536  0.78271316  1.
  0.38877557  1.          0.30248312  1.          0.85499937 -1.
 -1.         -1.         -0.89629108 -1.          1.         -1.
 -1.         -1.         -1.          0.44593671 -1.          0.97109375
 -1.         -1.          0.71105144 -1.         -1.         -1.
 -1.         -1.         -1.         -1.         -1.         -1.
 -1.         -1.         -1.         -1.         -1.         -1.        ]
Best fitness: -487.680045

Iteration 8
========================================
Best position: [ 1.         -0.69435695  1.          1.          0.308906    0.69343418
  1.          1.          0.31370481 -1.         -0.62844285 -0.06819754
 -0.34813281 -1.         -1.         -1.         -0.72462456 -0.12458954
 -1.         -1.          1.          0.11179399  0.74489745  1.
  0.52529598  0.63743762  0.33278154  1.          0.79142635 -0.90638633
 -1.         -1.         -1.         -1.          0.91435582 -1.
 -1.         -1.         -1.          0.5654846  -1.          1.
 -1.         -1.          0.26005005 -1.         -1.         -1.
 -1.         -1.         -1.         -1.         -1.         -1.
 -1.         -1.         -1.         -1.         -1.         -1.        ]
Best fitness: -544.443124

Iteration 9
========================================
Best position: [ 1.         -0.68538552  1.          1.          0.31966785  0.46041906
  1.          1.          0.11497187 -1.         -0.84202806 -0.12195551
 -0.17120578 -1.         -1.         -1.         -0.42169101  0.31426651
 -0.8287684  -1.          1.          0.45105156  1.          1.
  0.62286057  0.51849601  0.51174905  1.          0.76742185 -0.51843252
 -1.         -1.         -1.         -1.          1.         -1.
 -1.         -1.         -1.          0.60732318 -1.          1.
 -1.         -1.          0.21674226 -1.         -0.94671193 -1.
 -1.         -1.         -1.         -1.         -1.         -1.
 -1.         -1.         -1.         -1.         -1.         -1.        ]
Best fitness: -546.278945

Iteration 10
========================================
Best position: [ 1.         -0.36116117  1.          1.          0.59766265  0.76781043
  1.          1.         -0.06848883 -0.97520137 -0.67000685 -0.25471363
 -0.44066254 -1.         -1.         -1.         -0.80982232  0.51532812
 -0.93278402 -1.          1.          0.67212478  0.95287662  1.
  0.39015667  0.21169463  0.66245676  1.          0.59644159 -0.39591048
 -1.         -1.         -1.         -1.          1.         -1.
 -1.         -1.         -1.          0.5335779  -1.          1.
 -1.         -1.         -0.29369831 -1.         -0.9223272  -1.
 -1.         -1.         -1.         -1.         -1.         -1.
 -1.         -1.         -1.         -1.         -1.         -1.        ]
Best fitness: -560.822019

Iteration 11
========================================
Best position: [ 1.         -0.33772207  1.          1.          0.21164994  0.37275916
  1.          1.          0.09958725 -1.         -0.64952249 -0.35318659
 -0.23463476 -1.         -1.         -1.         -0.40850747  0.20201672
 -1.         -1.          1.          0.64927571  0.94056656  1.
  0.29501153  0.68335505  0.49161282  1.          0.62574861 -0.57400013
 -1.         -1.         -1.         -1.          0.97524465 -1.
 -1.         -1.         -1.          0.66689981 -1.          1.
 -1.         -1.         -0.03967536 -1.         -1.         -1.
 -1.         -1.         -1.         -1.         -1.         -1.
 -1.         -1.         -1.         -1.         -1.         -1.        ]
Best fitness: -585.061406

Iteration 12
========================================
Best position: [ 1.         -0.07319132  1.          1.          0.092608    0.10838039
  1.          1.          0.15517044 -1.         -0.56522611 -0.70698726
 -0.39110587 -1.         -1.         -1.         -0.49093817  0.00129252
 -1.         -1.          1.          0.6019855   0.93024684  1.
  0.20056158  0.69717737  0.60730698  1.          0.45903968 -0.4444365
 -1.         -1.         -1.         -1.          1.         -1.
 -1.         -1.         -1.          0.65497325 -1.          1.
 -1.         -1.         -0.27670775 -1.         -0.943634   -1.
 -1.         -1.         -1.         -1.         -1.         -1.
 -1.         -1.         -1.         -1.         -1.         -1.        ]
Best fitness: -605.129490

Iteration 13
========================================
Best position: [ 1.          0.15292511  1.          1.          0.12126901  0.39667781
  1.          1.          0.32106045 -1.         -0.28299594 -0.64056447
 -0.19644992 -1.         -1.         -1.         -0.81603434 -0.02211235
 -1.         -1.          1.          0.03756237  1.          1.
 -0.07023714  0.52714011  0.70998765  1.          0.36815547 -0.74992076
 -1.         -1.         -1.         -1.          1.         -1.
 -1.         -1.         -1.          0.65183762 -1.          1.
 -1.         -1.          0.14245388 -1.         -1.         -1.
 -1.         -1.         -1.         -1.         -1.         -1.
 -1.         -1.         -1.         -1.         -1.         -1.        ]
Best fitness: -620.394480

Iteration 14
========================================
Best position: [ 1.          0.09666702  1.          1.          0.17091951  0.14459569
  1.          1.          0.14621488 -0.99799182 -0.33827878 -0.58026591
 -0.12581955 -1.         -1.         -1.         -0.51389814 -0.0997433
 -1.         -1.          1.          0.37490588  0.94419828  1.
  0.19996098  0.3350308   0.68258926  1.          0.03609764 -0.5915723
 -1.         -1.         -1.         -1.          1.         -1.
 -1.         -1.         -1.          0.78485286 -1.          1.
 -1.         -1.         -0.10640803 -1.         -0.9885608  -1.
 -1.         -1.         -1.         -1.         -1.         -1.
 -1.         -1.         -1.         -1.         -1.         -1.        ]
Best fitness: -637.279591

Iteration 15
========================================
Best position: [ 1.          0.09666702  1.          1.          0.17091951  0.14459569
  1.          1.          0.14621488 -0.99799182 -0.33827878 -0.58026591
 -0.12581955 -1.         -1.         -1.         -0.51389814 -0.0997433
 -1.         -1.          1.          0.37490588  0.94419828  1.
  0.19996098  0.3350308   0.68258926  1.          0.03609764 -0.5915723
 -1.         -1.         -1.         -1.          1.         -1.
 -1.         -1.         -1.          0.78485286 -1.          1.
 -1.         -1.         -0.10640803 -1.         -0.9885608  -1.
 -1.         -1.         -1.         -1.         -1.         -1.
 -1.         -1.         -1.         -1.         -1.         -1.        ]
Best fitness: -637.279591

Iteration 16
========================================
Best position: [ 1.          0.0953913   1.          1.          0.24457847  0.7157063
  1.          1.          0.2297292  -1.         -0.14488115 -0.92366955
 -0.04027885 -1.         -1.         -1.         -0.52113873 -0.12630606
 -1.         -1.          1.          0.21399306  0.98294752  1.
  0.23252641  0.23706614  0.66198701  1.         -0.10445098 -0.3967214
 -1.         -1.         -1.         -1.          1.         -1.
 -1.         -1.         -1.          0.77805303 -1.          1.
 -1.         -1.          0.14804403 -1.         -0.97308309 -1.
 -1.         -1.         -1.         -1.         -1.         -1.
 -1.         -1.         -1.         -1.         -1.         -1.        ]
Best fitness: -643.780617

Iteration 17
========================================
Best position: [ 1.          0.03169242  1.          1.          0.34487265  0.47136158
  1.          1.          0.05021052 -0.97524523 -0.19999166 -0.73067087
 -0.0661756  -1.         -1.         -1.         -0.60678149 -0.20337803
 -1.         -1.          1.          0.37718256  0.92116319  1.
  0.48425475  0.10901714  0.51961456  1.         -0.17578689 -0.26338942
 -1.         -1.         -1.         -1.          1.         -1.
 -1.         -1.         -1.          0.68458334 -1.          1.
 -1.         -1.          0.09742959 -1.         -0.98687228 -1.
 -1.         -1.         -1.         -1.         -1.         -1.
 -1.         -1.         -1.         -1.         -1.         -1.        ]
Best fitness: -647.328692

Iteration 18
========================================
Best position: [ 1.         -0.01406324  1.          1.          0.2377759   0.53047109
  1.          1.          0.14682229 -0.9882594  -0.27170822 -0.70868107
 -0.19333518 -1.         -1.         -1.         -0.53672941 -0.24260154
 -1.         -1.          1.          0.38722122  0.94567357  1.
  0.40905441  0.19850069  0.60698532  1.         -0.17955951 -0.40726415
 -1.         -1.         -1.         -1.          1.         -1.
 -1.         -1.         -1.          0.71606818 -1.          1.
 -1.         -1.          0.03398098 -1.         -0.98488124 -1.
 -1.         -1.         -1.         -1.         -1.         -1.
 -1.         -1.         -1.         -1.         -1.         -1.        ]
Best fitness: -648.572410

Iteration 19
========================================
Best position: [ 1.         -0.01406324  1.          1.          0.2377759   0.53047109
  1.          1.          0.14682229 -0.9882594  -0.27170822 -0.70868107
 -0.19333518 -1.         -1.         -1.         -0.53672941 -0.24260154
 -1.         -1.          1.          0.38722122  0.94567357  1.
  0.40905441  0.19850069  0.60698532  1.         -0.17955951 -0.40726415
 -1.         -1.         -1.         -1.          1.         -1.
 -1.         -1.         -1.          0.71606818 -1.          1.
 -1.         -1.          0.03398098 -1.         -0.98488124 -1.
 -1.         -1.         -1.         -1.         -1.         -1.
 -1.         -1.         -1.         -1.         -1.         -1.        ]
Best fitness: -648.572410

Iteration 20
========================================
Best position: [ 1.         -0.01513331  1.          1.          0.19811365  0.4277646
  1.          1.          0.14719796 -0.93823323 -0.19173623 -0.57786367
 -0.31367243 -1.         -1.         -1.         -0.52519183 -0.14422889
 -1.         -1.          1.          0.37733563  0.98349851  1.
  0.43513006  0.2202106   0.58967172  1.         -0.16235077 -0.41116884
 -1.         -1.         -1.         -1.          1.         -1.
 -1.         -1.         -1.          0.70999025 -1.          1.
 -1.         -1.         -0.00835751 -1.         -0.96414533 -1.
 -1.         -1.         -1.         -1.         -1.         -1.
 -1.         -1.         -1.         -1.         -1.         -1.        ]
Best fitness: -650.906204

Iteration 21
========================================
Best position: [ 1.          0.03498331  1.          1.          0.23035331  0.4981497
  1.          1.          0.04629093 -0.94469526 -0.12115499 -0.57844507
 -0.1813502  -1.         -1.         -1.         -0.53271188 -0.15097056
 -1.         -1.          1.          0.24362934  0.9786843   1.
  0.37942832  0.20191212  0.55495573  1.         -0.15596186 -0.29901169
 -1.         -1.         -1.         -1.          1.         -1.
 -1.         -1.         -1.          0.66668396 -1.          1.
 -1.         -1.          0.08110827 -1.         -0.96467283 -1.
 -1.         -1.         -1.         -1.         -1.         -1.
 -1.         -1.         -1.         -1.         -1.         -1.        ]
Best fitness: -653.583288

Iteration 22
========================================
Best position: [ 1.          0.13070329  1.          1.          0.34940351  0.5243505
  1.          1.          0.22858202 -0.93109036 -0.23784994 -0.65868988
 -0.15858011 -1.         -1.         -1.         -0.63646394 -0.32656537
 -1.         -1.          1.          0.19023108  0.96938861  1.
  0.2479237   0.19815178  0.49559409  1.         -0.06080437 -0.26943353
 -1.         -1.         -1.         -1.          1.         -1.
 -1.         -1.         -1.          0.56023689 -1.          1.
 -1.         -1.          0.23611404 -1.         -0.97771395 -1.
 -1.         -1.         -1.         -1.         -1.         -1.
 -1.         -1.         -1.         -1.         -1.         -1.        ]
Best fitness: -655.416786

Iteration 23
========================================
Best position: [ 1.          0.08694335  1.          1.          0.19908527  0.54630199
  1.          1.          0.01852502 -0.88911356 -0.19660564 -0.65950296
 -0.33488238 -1.         -1.         -1.         -0.63220918 -0.15049178
 -1.         -1.          1.          0.23713068  0.97334617  1.
  0.16673154  0.17912281  0.45317835  1.         -0.10862523 -0.37494681
 -1.         -1.         -1.         -1.          1.         -1.
 -1.         -1.         -1.          0.54610138 -1.          1.
 -1.         -1.          0.14518062 -1.         -0.98418846 -1.
 -1.         -1.         -1.         -1.         -1.         -1.
 -1.         -1.         -1.         -1.         -1.         -1.        ]
Best fitness: -658.998940

Iteration 24
========================================
Best position: [ 1.          0.07492495  1.          1.          0.17658815  0.57842218
  1.          1.          0.05995048 -0.8516819  -0.1262022  -0.66946644
 -0.23911147 -1.         -1.         -1.         -0.62374164  0.01666437
 -1.         -1.          1.          0.21829287  0.9726564   1.
  0.21346667  0.18525347  0.41768245  1.         -0.13164984 -0.33259371
 -1.         -1.         -1.         -1.          1.         -1.
 -1.         -1.         -1.          0.44769994 -1.          1.
 -1.         -1.          0.2728787  -1.         -0.97956903 -1.
 -1.         -1.         -1.         -1.         -1.         -1.
 -1.         -1.         -1.         -1.         -1.         -1.        ]
Best fitness: -662.393573

Iteration 25
========================================
Best position: [ 1.          0.15088496  1.          1.          0.1897407   0.53467472
  1.          1.          0.08341821 -0.83967464 -0.17876854 -0.56740018
 -0.24781111 -1.         -1.         -1.         -0.7370575  -0.10679361
 -1.         -1.          1.          0.26283996  1.          1.
  0.16727883  0.29824257  0.32555221  1.         -0.06366854 -0.29257692
 -1.         -1.         -1.         -1.          1.         -1.
 -1.         -1.         -1.          0.31987107 -1.          1.
 -1.         -1.          0.27256712 -1.         -0.96589337 -1.
 -1.         -1.         -1.         -1.         -1.         -1.
 -1.         -1.         -1.         -1.         -1.         -1.        ]
Best fitness: -663.634590

Iteration 26
========================================
Best position: [ 1.          0.10292148  1.          1.          0.19171733  0.62749221
  1.          1.          0.19058776 -0.82033743 -0.26322675 -0.6148419
 -0.20339086 -1.         -1.         -1.         -0.68218014 -0.03542362
 -1.         -1.          1.          0.19268563  1.          1.
  0.17623342  0.27594281  0.34473582  1.         -0.09407231 -0.21001438
 -1.         -1.         -1.         -1.          1.         -1.
 -1.         -1.         -1.          0.03525733 -1.          1.
 -1.         -1.          0.24945214 -1.         -0.95500601 -1.
 -1.         -1.         -1.         -1.         -1.         -1.
 -1.         -1.         -1.         -1.         -1.         -1.        ]
Best fitness: -666.817236

Iteration 27
========================================
Best position: [ 1.          0.06691771  1.          1.          0.08427039  0.44452392
  1.          1.          0.22316008 -0.69127746 -0.24373436 -0.54683614
 -0.19479634 -1.         -1.         -1.         -0.73920102 -0.04175428
 -1.         -1.          1.          0.10487373  1.          1.
  0.19189191  0.29945188  0.35849415  1.         -0.11965376 -0.20340952
 -1.         -1.         -1.         -1.          1.         -1.
 -1.         -1.         -1.         -0.49531345 -1.          1.
 -1.         -1.          0.52079095 -1.         -0.92187743 -1.
 -1.         -1.         -1.         -1.         -1.         -1.
 -1.         -1.         -1.         -1.         -1.         -1.        ]
Best fitness: -671.738533

Iteration 28
========================================
Best position: [ 1.          0.24844528  1.          1.          0.17240675  0.68589056
  1.          1.          0.37049097 -0.65138949 -0.29341473 -0.50929169
 -0.23593059 -1.         -1.         -1.         -0.72696838 -0.05451982
 -1.         -1.          1.          0.12559624  1.          1.
  0.141015    0.29287464  0.36776052  1.         -0.1367038  -0.15143638
 -1.         -1.         -1.         -1.          1.         -1.
 -1.         -1.         -1.         -1.         -1.          1.
 -1.         -1.          0.28382248 -1.         -0.90986467 -1.
 -1.         -1.         -1.         -1.         -1.         -1.
 -1.         -1.         -1.         -1.         -1.         -1.        ]
Best fitness: -672.170365

Iteration 29
========================================
Best position: [ 1.          0.10575745  1.          1.          0.20355872  0.5575607
  1.          1.          0.38902725 -0.48566892 -0.35792254 -0.55374333
 -0.20313928 -1.         -1.         -1.         -0.75092689  0.04495918
 -1.         -1.          1.          0.25757355  1.          1.
  0.13431328  0.26258978  0.44234925  1.         -0.11703445 -0.2524261
 -1.         -1.         -1.         -1.          1.         -1.
 -1.         -1.         -1.         -1.         -1.          1.
 -1.         -1.          0.06428451 -1.         -0.92519566 -1.
 -1.         -1.         -1.         -1.         -1.         -1.
 -1.         -1.         -1.         -1.         -1.         -1.        ]
Best fitness: -677.888792

Iteration 30
========================================
Best position: [ 1.          0.10575745  1.          1.          0.20355872  0.5575607
  1.          1.          0.38902725 -0.48566892 -0.35792254 -0.55374333
 -0.20313928 -1.         -1.         -1.         -0.75092689  0.04495918
 -1.         -1.          1.          0.25757355  1.          1.
  0.13431328  0.26258978  0.44234925  1.         -0.11703445 -0.2524261
 -1.         -1.         -1.         -1.          1.         -1.
 -1.         -1.         -1.         -1.         -1.          1.
 -1.         -1.          0.06428451 -1.         -0.92519566 -1.
 -1.         -1.         -1.         -1.         -1.         -1.
 -1.         -1.         -1.         -1.         -1.         -1.        ]
Best fitness: -677.888792

Iteration 31
========================================
Best position: [ 1.          0.0394726   1.          1.          0.19561978  0.54229185
  1.          1.          0.43823111 -0.40960914 -0.24065136 -0.53618299
 -0.21117609 -1.         -1.         -1.         -0.73680959 -0.02320757
 -1.         -1.          1.          0.26149915  1.          1.
  0.16148573  0.26086282  0.51517777  1.         -0.17013309 -0.26734251
 -1.         -1.         -1.         -1.          1.         -1.
 -1.         -1.         -1.         -0.98329978 -1.          1.
 -1.         -1.          0.04242359 -1.         -0.90948395 -1.
 -1.         -1.         -1.         -1.         -1.         -1.
 -1.         -1.         -1.         -1.         -1.         -1.        ]
Best fitness: -678.649295

Iteration 32
========================================
Best position: [ 1.          0.17628117  1.          1.          0.19772054  0.56977208
  1.          1.          0.29268129 -0.40009437 -0.23461885 -0.54242393
 -0.29731758 -1.         -1.         -1.         -0.69184283 -0.07266715
 -1.         -1.          1.          0.22610117  1.          1.
  0.12756208  0.12959019  0.54044871  1.         -0.08716016 -0.27707239
 -1.         -1.         -1.         -1.          1.         -1.
 -1.         -1.         -1.         -1.         -1.          1.
 -1.         -1.          0.16416773 -1.         -0.92406704 -1.
 -1.         -1.         -1.         -1.         -1.         -1.
 -1.         -1.         -1.         -1.         -1.         -1.        ]
Best fitness: -680.583811

Iteration 33
========================================
Best position: [ 1.          0.09736651  1.          1.          0.1604775   0.56247921
  1.          1.          0.1798509  -0.34946699 -0.23076811 -0.60067692
 -0.30752713 -1.         -1.         -1.         -0.68954993 -0.0970974
 -1.         -1.          1.          0.20613627  1.          1.
  0.1211068   0.12743795  0.57011203  1.         -0.08969349 -0.30427755
 -1.         -1.         -1.         -1.          1.         -1.
 -1.         -1.         -1.         -1.         -1.          1.
 -1.         -1.         -0.0670258  -1.         -0.93495136 -1.
 -1.         -1.         -1.         -1.         -1.         -1.
 -1.         -1.         -1.         -1.         -1.         -1.        ]
Best fitness: -681.148757

Iteration 34
========================================
Best position: [ 1.          0.11793679  1.          1.          0.17035257  0.56424504
  1.          1.          0.22365827 -0.35529446 -0.24380435 -0.56454917
 -0.2369023  -1.         -1.         -1.         -0.61594709 -0.09143665
 -1.         -1.          1.          0.20682725  1.          1.
  0.13938159  0.2014332   0.46657668  1.         -0.04732564 -0.19204453
 -1.         -1.         -1.         -1.          1.         -1.
 -1.         -1.         -1.         -0.99383131 -1.          1.
 -1.         -1.          0.09624317 -1.         -0.93041513 -1.
 -1.         -1.         -1.         -1.         -1.         -1.
 -1.         -1.         -1.         -1.         -1.         -1.        ]
Best fitness: -682.772818

Iteration 35
========================================
Best position: [ 1.          0.1258499   1.          1.          0.19913694  0.4711411
  1.          1.          0.22477357 -0.34711336 -0.23781371 -0.59056202
 -0.22912749 -1.         -1.         -1.         -0.60952713 -0.15736694
 -1.         -1.          1.          0.21943059  1.          1.
  0.13871111  0.21320368  0.50090211  1.         -0.04912881 -0.24177797
 -1.         -1.         -1.         -1.          1.         -1.
 -1.         -1.         -1.         -1.         -1.          1.
 -1.         -1.          0.04210293 -1.         -0.93348153 -1.
 -1.         -1.         -1.         -1.         -1.         -1.
 -1.         -1.         -1.         -1.         -1.         -1.        ]
Best fitness: -683.142086

Iteration 36
========================================
Best position: [ 1.          0.12819333  1.          1.          0.19945622  0.56322194
  1.          1.          0.25466828 -0.34090841 -0.223829   -0.59354555
 -0.21206299 -1.         -1.         -1.         -0.60487416 -0.07919856
 -1.         -1.          1.          0.21128251  1.          1.
  0.14717687  0.25030312  0.459404    1.         -0.07864047 -0.2461553
 -1.         -1.         -1.         -1.          1.         -1.
 -1.         -1.         -1.         -1.         -1.          1.
 -1.         -1.          0.20648193 -1.         -0.92916958 -1.
 -1.         -1.         -1.         -1.         -1.         -1.
 -1.         -1.         -1.         -1.         -1.         -1.        ]
Best fitness: -683.541584

Iteration 37
========================================
Best position: [ 1.          0.12819333  1.          1.          0.19945622  0.56322194
  1.          1.          0.25466828 -0.34090841 -0.223829   -0.59354555
 -0.21206299 -1.         -1.         -1.         -0.60487416 -0.07919856
 -1.         -1.          1.          0.21128251  1.          1.
  0.14717687  0.25030312  0.459404    1.         -0.07864047 -0.2461553
 -1.         -1.         -1.         -1.          1.         -1.
 -1.         -1.         -1.         -1.         -1.          1.
 -1.         -1.          0.20648193 -1.         -0.92916958 -1.
 -1.         -1.         -1.         -1.         -1.         -1.
 -1.         -1.         -1.         -1.         -1.         -1.        ]
Best fitness: -683.541584

Iteration 38
========================================
Best position: [ 1.          0.15750532  1.          1.          0.1999679   0.56811348
  1.          1.          0.18905808 -0.35596242 -0.18509587 -0.58270551
 -0.23591528 -1.         -1.         -1.         -0.56295506 -0.11944433
 -1.         -1.          1.          0.17700029  1.          1.
  0.17338947  0.23629315  0.44317621  1.         -0.0823899  -0.24299301
 -1.         -1.         -1.         -1.          1.         -1.
 -1.         -1.         -1.         -1.         -1.          1.
 -1.         -1.          0.11835013 -1.         -0.93493625 -1.
 -1.         -1.         -1.         -1.         -1.         -1.
 -1.         -1.         -1.         -1.         -1.         -1.        ]
Best fitness: -683.678267

Iteration 39
========================================
Best position: [ 1.          0.12411548  1.          1.          0.18434355  0.57856265
  1.          1.          0.21974831 -0.36155756 -0.23676909 -0.59974151
 -0.19580749 -1.         -1.         -1.         -0.63786814 -0.13262774
 -1.         -1.          1.          0.23290894  1.          1.
  0.19533279  0.2859717   0.39970669  1.         -0.06445745 -0.25196855
 -1.         -1.         -1.         -1.          1.         -1.
 -1.         -1.         -1.         -1.         -1.          1.
 -1.         -1.          0.1730247  -1.         -0.94312157 -1.
 -1.         -1.         -1.         -1.         -1.         -1.
 -1.         -1.         -1.         -1.         -1.         -1.        ]
Best fitness: -684.266602

Iteration 40
========================================
Best position: [ 1.          0.16381409  1.          1.          0.18643904  0.57106513
  1.          1.          0.21516327 -0.37554449 -0.22703549 -0.61117644
 -0.20636002 -1.         -1.         -1.         -0.66625981 -0.14175634
 -1.         -1.          1.          0.23096756  1.          1.
  0.23148582  0.3190624   0.43839775  1.         -0.08905486 -0.27139431
 -1.         -1.         -1.         -1.          1.         -1.
 -1.         -1.         -1.         -1.         -1.          1.
 -1.         -1.          0.14637326 -1.         -0.95632379 -1.
 -1.         -1.         -1.         -1.         -1.         -1.
 -1.         -1.         -1.         -1.         -1.         -1.        ]
Best fitness: -684.955178

Iteration 41
========================================
Best position: [ 1.          0.15014947  1.          1.          0.16265131  0.54700365
  1.          1.          0.18923286 -0.39032351 -0.23453295 -0.60908807
 -0.21013977 -1.         -1.         -1.         -0.66144339 -0.16804571
 -1.         -1.          1.          0.22487962  1.          1.
  0.25493725  0.31200328  0.46360089  1.         -0.06535083 -0.28607966
 -1.         -1.         -1.         -1.          1.         -1.
 -1.         -1.         -1.         -1.         -1.          1.
 -1.         -1.          0.03976754 -1.         -0.96993046 -1.
 -1.         -1.         -1.         -1.         -1.         -1.
 -1.         -1.         -1.         -1.         -1.         -1.        ]
Best fitness: -685.320603

Iteration 42
========================================
Best position: [ 1.          0.13750775  1.          1.          0.17190924  0.53899013
  1.          1.          0.24023138 -0.3547227  -0.22166488 -0.60704993
 -0.21708759 -1.         -1.         -1.         -0.66880623 -0.14061735
 -1.         -1.          1.          0.23640858  1.          1.
  0.26077351  0.33157271  0.47493342  1.         -0.08659172 -0.31347854
 -1.         -1.         -1.         -1.          1.         -1.
 -1.         -1.         -1.         -1.         -1.          1.
 -1.         -1.          0.12695396 -1.         -0.99665772 -1.
 -1.         -1.         -1.         -1.         -1.         -1.
 -1.         -1.         -1.         -1.         -1.         -1.        ]
Best fitness: -686.116887

Iteration 43
========================================
Best position: [ 1.          0.14613307  1.          1.          0.16895426  0.53930599
  1.          1.          0.2040048  -0.36800319 -0.22507658 -0.60615123
 -0.21996103 -1.         -1.         -1.         -0.65438426 -0.1482718
 -1.         -1.          1.          0.23153746  1.          1.
  0.28371779  0.32914793  0.4866215   1.         -0.09629513 -0.32330676
 -1.         -1.         -1.         -1.          1.         -1.
 -1.         -1.         -1.         -1.         -1.          1.
 -1.         -1.          0.07926254 -1.         -1.         -1.
 -1.         -1.         -1.         -1.         -1.         -1.
 -1.         -1.         -1.         -1.         -1.         -1.        ]
Best fitness: -686.217764

Iteration 44
========================================
Best position: [ 1.          0.14973097  1.          1.          0.16929349  0.54570568
  1.          1.          0.17311832 -0.38119566 -0.22953156 -0.61322156
 -0.23551923 -1.         -1.         -1.         -0.60226353 -0.13606698
 -1.         -1.          1.          0.23002378  1.          1.
  0.25811103  0.3160747   0.47773265  1.         -0.07990932 -0.28470885
 -1.         -1.         -1.         -1.          1.         -1.
 -1.         -1.         -1.         -1.         -1.          1.
 -1.         -1.          0.062203   -1.         -1.         -1.
 -1.         -1.         -1.         -1.         -1.         -1.
 -1.         -1.         -1.         -1.         -1.         -1.        ]
Best fitness: -686.447025

Iteration 45
========================================
Best position: [ 1.          0.14750932  1.          1.          0.17475133  0.5291306
  1.          1.          0.17867561 -0.34216721 -0.22589681 -0.60493175
 -0.22522499 -1.         -1.         -1.         -0.60435618 -0.08090088
 -1.         -1.          1.          0.24065116  1.          1.
  0.28562344  0.26922486  0.48421943  1.         -0.08250247 -0.28702952
 -1.         -1.         -1.         -1.          1.         -1.
 -1.         -1.         -1.         -1.         -1.          1.
 -1.         -1.          0.06287293 -1.         -1.         -1.
 -1.         -1.         -1.         -1.         -1.         -1.
 -1.         -1.         -1.         -1.         -1.         -1.        ]
Best fitness: -686.568079

Iteration 46
========================================
Best position: [ 1.          0.14764129  1.          1.          0.16792312  0.53376187
  1.          1.          0.19308755 -0.34814866 -0.22944015 -0.60231422
 -0.22536946 -1.         -1.         -1.         -0.6329211  -0.09241734
 -1.         -1.          1.          0.23825321  1.          1.
  0.27887748  0.28912881  0.48228151  1.         -0.08284177 -0.28334446
 -1.         -1.         -1.         -1.          1.         -1.
 -1.         -1.         -1.         -1.         -1.          1.
 -1.         -1.          0.025193   -1.         -1.         -1.
 -1.         -1.         -1.         -1.         -1.         -1.
 -1.         -1.         -1.         -1.         -1.         -1.        ]
Best fitness: -686.569590

Iteration 47
========================================
Best position: [ 1.          0.11835927  1.          1.          0.17292348  0.54501205
  1.          1.          0.23347305 -0.36376414 -0.22922875 -0.60724149
 -0.22655564 -1.         -1.         -1.         -0.61996694 -0.12785553
 -1.         -1.          1.          0.23499058  1.          1.
  0.28261601  0.2941289   0.48420656  1.         -0.08422865 -0.26823068
 -1.         -1.         -1.         -1.          1.         -1.
 -1.         -1.         -1.         -1.         -1.          1.
 -1.         -1.          0.05729771 -1.         -1.         -1.
 -1.         -1.         -1.         -1.         -1.         -1.
 -1.         -1.         -1.         -1.         -1.         -1.        ]
Best fitness: -686.668120

Iteration 48
========================================
Best position: [ 1.          0.11835927  1.          1.          0.17292348  0.54501205
  1.          1.          0.23347305 -0.36376414 -0.22922875 -0.60724149
 -0.22655564 -1.         -1.         -1.         -0.61996694 -0.12785553
 -1.         -1.          1.          0.23499058  1.          1.
  0.28261601  0.2941289   0.48420656  1.         -0.08422865 -0.26823068
 -1.         -1.         -1.         -1.          1.         -1.
 -1.         -1.         -1.         -1.         -1.          1.
 -1.         -1.          0.05729771 -1.         -1.         -1.
 -1.         -1.         -1.         -1.         -1.         -1.
 -1.         -1.         -1.         -1.         -1.         -1.        ]
Best fitness: -686.668120

Iteration 49
========================================
Best position: [ 1.          0.12615557  1.          1.          0.18512162  0.51363621
  1.          1.          0.22390287 -0.3606642  -0.22039503 -0.61061994
 -0.22572649 -1.         -1.         -1.         -0.61558052 -0.12694323
 -1.         -1.          1.          0.23461206  1.          1.
  0.29424001  0.2939692   0.47342914  1.         -0.08839203 -0.29229223
 -1.         -1.         -1.         -1.          1.         -1.
 -1.         -1.         -1.         -1.         -1.          1.
 -1.         -1.          0.07705855 -1.         -1.         -1.
 -1.         -1.         -1.         -1.         -1.         -1.
 -1.         -1.         -1.         -1.         -1.         -1.        ]
Best fitness: -686.708174

