Iteration 0
========================================
Best position: [-1.         -0.97726217 -1.         -1.         -1.         -1.
 -1.         -1.         -1.         -1.         -1.         -1.
 -1.         -1.         -1.         -1.         -1.         -1.
 -0.97726217 -1.         -1.         -0.97726217 -1.         -1.
 -1.         -1.         -1.         -1.         -0.99489913 -1.
 -1.         -1.         -1.         -1.         -1.         -1.
 -1.         -1.         -1.         -1.         -1.         -1.
 -1.         -1.         -1.         -1.         -1.         -1.
 -1.         -1.         -1.         -1.         -1.         -1.
 -1.         -1.         -1.         -1.         -1.         -1.
 -1.         -1.         -1.         -1.         -0.97726217 -1.
 -1.         -1.         -1.         -1.         -1.         -1.
 -1.         -1.         -1.         -1.         -1.         -1.
 -1.         -1.         -1.         -1.         -1.         -1.
 -1.         -1.         -1.         -1.         -1.         -1.
 -1.         -1.         -1.         -1.         -1.         -1.
 -1.         -1.         -1.         -1.         -1.         -1.
 -1.         -1.         -1.         -1.         -0.97726217 -1.
 -1.         -1.         -1.         -1.         -1.         -1.
 -1.         -1.         -1.         -0.97726217 -1.         -1.
 -1.         -1.         -1.         -1.         -1.         -1.
 -1.         -1.         -1.         -1.         -1.         -1.        ]
Best fitness: 0.285508

Iteration 1
========================================
Best position: [-0.82417098 -0.63675716 -1.         -1.         -1.         -0.92741097
 -0.96573751 -0.74908081 -0.49874956 -0.98055502 -1.         -1.
 -0.61902592 -1.         -0.10212045 -1.         -1.         -0.3177365
 -0.57362897 -0.9999136  -1.         -1.         -1.         -1.
 -1.         -1.         -1.         -0.75758844 -1.         -0.68618321
 -1.         -1.         -1.         -0.31242356 -0.44311084  0.27896528
 -0.65743076 -0.83385401 -0.72656653 -0.7752489  -0.62210815 -0.89407667
 -0.31874379 -1.         -0.8538032  -0.78856305 -0.75382516 -0.63528113
 -0.49503433 -0.95000472 -0.49543343 -1.         -1.         -0.13908046
 -0.62625402 -1.         -1.          0.45574423 -0.10070279 -1.
 -1.         -1.         -0.47011835 -0.30988253 -0.28290349 -1.
 -0.57228088 -0.97835684 -0.83989348 -0.62050521 -0.3771113  -0.86212504
 -0.17824816  0.19761991 -0.41874013 -0.97189262 -1.         -0.44577976
 -1.         -1.         -0.33401039 -1.         -0.78631701  0.07785256
 -1.         -1.         -1.         -1.         -0.98603085 -0.99670027
 -1.         -1.          0.47540411 -0.56056954 -1.         -0.97404646
 -0.9737035  -0.89498966 -1.         -0.98676866 -1.         -0.43174319
 -1.         -1.         -0.77652386 -0.99148908 -1.         -0.43299902
 -0.72484886 -0.44269539 -0.85873673 -0.93472027 -1.         -1.
 -1.         -1.          0.86616336 -0.73516235 -0.18380405 -1.
 -1.         -0.96811896 -1.         -0.29035006  0.29359898 -0.60371503
 -1.         -0.36561554 -1.         -1.         -0.98333806 -1.        ]
Best fitness: 0.340475

Iteration 2
========================================
Best position: [-0.82417098 -0.63675716 -1.         -1.         -1.         -0.92741097
 -0.96573751 -0.74908081 -0.49874956 -0.98055502 -1.         -1.
 -0.61902592 -1.         -0.10212045 -1.         -1.         -0.3177365
 -0.57362897 -0.9999136  -1.         -1.         -1.         -1.
 -1.         -1.         -1.         -0.75758844 -1.         -0.68618321
 -1.         -1.         -1.         -0.31242356 -0.44311084  0.27896528
 -0.65743076 -0.83385401 -0.72656653 -0.7752489  -0.62210815 -0.89407667
 -0.31874379 -1.         -0.8538032  -0.78856305 -0.75382516 -0.63528113
 -0.49503433 -0.95000472 -0.49543343 -1.         -1.         -0.13908046
 -0.62625402 -1.         -1.          0.45574423 -0.10070279 -1.
 -1.         -1.         -0.47011835 -0.30988253 -0.28290349 -1.
 -0.57228088 -0.97835684 -0.83989348 -0.62050521 -0.3771113  -0.86212504
 -0.17824816  0.19761991 -0.41874013 -0.97189262 -1.         -0.44577976
 -1.         -1.         -0.33401039 -1.         -0.78631701  0.07785256
 -1.         -1.         -1.         -1.         -0.98603085 -0.99670027
 -1.         -1.          0.47540411 -0.56056954 -1.         -0.97404646
 -0.9737035  -0.89498966 -1.         -0.98676866 -1.         -0.43174319
 -1.         -1.         -0.77652386 -0.99148908 -1.         -0.43299902
 -0.72484886 -0.44269539 -0.85873673 -0.93472027 -1.         -1.
 -1.         -1.          0.86616336 -0.73516235 -0.18380405 -1.
 -1.         -0.96811896 -1.         -0.29035006  0.29359898 -0.60371503
 -1.         -0.36561554 -1.         -1.         -0.98333806 -1.        ]
Best fitness: 0.340475

Iteration 3
========================================
Best position: [-0.82417098 -0.63675716 -1.         -1.         -1.         -0.92741097
 -0.96573751 -0.74908081 -0.49874956 -0.98055502 -1.         -1.
 -0.61902592 -1.         -0.10212045 -1.         -1.         -0.3177365
 -0.57362897 -0.9999136  -1.         -1.         -1.         -1.
 -1.         -1.         -1.         -0.75758844 -1.         -0.68618321
 -1.         -1.         -1.         -0.31242356 -0.44311084  0.27896528
 -0.65743076 -0.83385401 -0.72656653 -0.7752489  -0.62210815 -0.89407667
 -0.31874379 -1.         -0.8538032  -0.78856305 -0.75382516 -0.63528113
 -0.49503433 -0.95000472 -0.49543343 -1.         -1.         -0.13908046
 -0.62625402 -1.         -1.          0.45574423 -0.10070279 -1.
 -1.         -1.         -0.47011835 -0.30988253 -0.28290349 -1.
 -0.57228088 -0.97835684 -0.83989348 -0.62050521 -0.3771113  -0.86212504
 -0.17824816  0.19761991 -0.41874013 -0.97189262 -1.         -0.44577976
 -1.         -1.         -0.33401039 -1.         -0.78631701  0.07785256
 -1.         -1.         -1.         -1.         -0.98603085 -0.99670027
 -1.         -1.          0.47540411 -0.56056954 -1.         -0.97404646
 -0.9737035  -0.89498966 -1.         -0.98676866 -1.         -0.43174319
 -1.         -1.         -0.77652386 -0.99148908 -1.         -0.43299902
 -0.72484886 -0.44269539 -0.85873673 -0.93472027 -1.         -1.
 -1.         -1.          0.86616336 -0.73516235 -0.18380405 -1.
 -1.         -0.96811896 -1.         -0.29035006  0.29359898 -0.60371503
 -1.         -0.36561554 -1.         -1.         -0.98333806 -1.        ]
Best fitness: 0.340475

Iteration 4
========================================
Best position: [-0.74957996 -0.35119659 -1.         -1.         -1.         -0.91308432
 -0.84559586 -0.68860791 -0.38440098 -0.98965714 -1.         -1.
 -0.43254589 -1.          0.1393181  -1.         -1.         -0.28589331
 -0.50007291 -0.99991137 -1.         -0.72100243 -1.         -0.90936875
 -1.         -0.83800496 -1.         -0.92996066 -0.9388697  -0.55790052
 -1.         -1.         -1.          0.14036089  0.10242004  0.86488457
 -0.6075235  -0.85023997 -0.528979   -0.89867293 -0.63962443 -0.59365365
 -0.2939359  -1.         -0.83739032 -0.80888108 -0.67399326 -0.63806013
  0.203698   -0.95657141 -0.2592495  -1.         -1.          0.53619994
 -0.53554211 -1.         -0.9842795  -0.28494014  0.16094192 -0.91788456
 -1.         -1.         -0.431085   -0.2348054  -0.08008346 -0.86480287
 -0.67053989 -0.98679982 -0.86566513 -0.63430205 -0.50286351 -0.94507518
 -0.19487801  0.50595639 -0.31633473 -0.93474807 -0.88948739 -0.21149363
 -1.         -1.         -0.3680333  -1.         -0.66846269  0.11586348
 -1.         -1.         -0.99064153 -1.         -0.99571825 -0.99645036
 -0.99786305 -1.          0.46198063 -0.51466476 -1.         -0.60392219
 -0.95986014 -0.87621541 -1.         -0.98806635 -1.         -0.19512262
 -0.93190108 -0.99907835 -0.73662939 -0.99023919 -1.         -0.32774946
 -0.72975638 -0.34557097 -0.74293455 -0.95925178 -1.         -0.98316375
 -0.97655687 -1.          0.44129981 -0.70333806 -0.27890769 -1.
 -1.         -0.9536081  -0.87901751 -0.10355833  0.41529243 -0.67235959
 -1.         -0.47457239 -1.         -0.94456785 -0.98043436 -1.        ]
Best fitness: 0.345775

Iteration 5
