Iteration 0
========================================
Best position: [ 0.37286643 -0.20400382 -0.54371998  0.31803195  0.95677865 -0.36459547
  1.          0.08500288 -0.54102986  0.06590815 -0.72441626  0.49110579
  0.15926835 -1.          0.00205257  0.6371977  -1.          0.24449058
 -1.         -0.77853423  0.46271481 -1.          0.22511692 -0.20759339
  1.         -0.83179369  0.50980838 -0.24160245 -0.70342571 -0.29832502
 -0.25464133  0.65818418  0.11706591 -1.         -0.65844426  0.56837894
 -1.         -0.68979783 -0.22871653  0.62604748  0.26707281 -1.
 -1.          0.46070471 -0.55520753 -0.54068476  0.50896757  0.00526357
 -0.73852346 -0.53658453 -1.          0.90091082 -0.19747872 -0.96122352
 -1.          0.42923148 -0.136417   -0.84134401 -0.08380906 -1.        ]
Best fitness: 0.232488

Iteration 1
========================================
Best position: [ 1.         -1.         -1.         -0.63574479  1.         -1.
  0.99875879  1.          0.7793062  -1.         -1.          0.18362366
  0.58218378 -0.78706242  0.11345499  0.93063867 -0.86640404  0.93436912
 -0.98267204 -1.          0.80079848 -1.          0.08568777 -1.
  1.         -1.          0.71450298 -1.         -0.6086928  -0.10923104
 -0.48641165  1.         -1.         -0.7528429  -1.          0.05671142
 -1.         -0.92586366 -1.          0.93868179  0.1946602  -0.95440123
 -0.98183588  0.34040204 -1.         -0.41164016  0.61580334 -1.
 -0.78380767 -0.69013078 -0.99074142  1.         -0.35826879 -1.
 -1.          0.02186108 -0.50475791 -0.99897277  0.8228577  -1.        ]
Best fitness: 0.191032

Iteration 2
========================================
Best position: [ 0.53034584 -1.         -0.64736088 -0.31977103  0.97296544 -0.65562488
  0.1232436   1.          1.         -1.         -0.99863092  1.
  1.         -0.30242929  0.2732172   0.90416446 -1.          1.
 -1.         -0.74399291  1.         -1.          0.52402797 -1.
  0.99978882 -0.96532709  1.          0.30630387 -0.49136848 -1.
 -0.57434109  1.         -1.         -0.69020764 -1.         -0.35925247
 -1.         -1.         -0.9817452  -0.90199028  0.06594004 -0.77601116
 -0.99042652 -1.         -1.         -1.         -1.         -1.
 -0.29139549 -1.          0.06173084  0.83341328 -1.         -1.
 -1.          0.61321774 -1.         -0.97981254  0.30824852 -0.37455628]
Best fitness: 0.155949

Iteration 3
========================================
Best position: [-0.20420279 -0.99931111 -0.57525755 -0.95289472  0.93906154 -0.80208011
  0.69654441  1.          1.         -1.         -0.99800089  1.
  1.          0.31399213 -0.93305007  0.89321874 -1.          1.
 -0.9990082  -0.84398196  1.         -0.72115878  1.         -0.78295947
  0.99943148 -0.94118653  1.          1.         -0.72023911 -0.5659805
 -1.          1.         -0.8693499  -0.90861017 -1.         -1.
 -1.         -1.         -1.         -0.80994315 -0.76575504 -0.84568091
 -0.96965076 -1.         -1.         -0.82877286 -1.         -1.
  0.11792922 -0.86487948 -0.44146345 -0.23412741 -1.         -1.
 -1.          0.70313125 -1.         -0.89356247 -0.13671263 -0.15345779]
Best fitness: 0.141208

Iteration 4
========================================
Best position: [ 0.30375484 -0.59334539  1.         -1.          0.94916883 -0.69147522
  0.24859563  0.97976635  1.         -1.         -1.          1.
  1.          0.37680015 -1.          0.95331505 -0.99370488  1.
 -0.99989112 -0.84124824  0.9704967  -1.         -0.72587779 -0.91925308
  0.99941519 -0.91548792  1.          1.         -1.         -0.99660618
 -0.27000604  1.         -0.84636111 -0.88286435 -1.         -0.54122349
 -1.         -1.         -0.1398531  -0.2482872  -0.55483424 -0.6897222
 -0.96917049 -1.         -1.         -0.37373933 -0.39673321 -1.
 -0.39567346 -0.56906975 -1.         -0.49805502 -0.59421105 -1.
 -1.         -0.07247287 -0.99995236 -0.78989228 -0.67940301 -0.86052903]
Best fitness: 0.129578

Iteration 5
========================================
Best position: [ 0.30375484 -0.59334539  1.         -1.          0.94916883 -0.69147522
  0.24859563  0.97976635  1.         -1.         -1.          1.
  1.          0.37680015 -1.          0.95331505 -0.99370488  1.
 -0.99989112 -0.84124824  0.9704967  -1.         -0.72587779 -0.91925308
  0.99941519 -0.91548792  1.          1.         -1.         -0.99660618
 -0.27000604  1.         -0.84636111 -0.88286435 -1.         -0.54122349
 -1.         -1.         -0.1398531  -0.2482872  -0.55483424 -0.6897222
 -0.96917049 -1.         -1.         -0.37373933 -0.39673321 -1.
 -0.39567346 -0.56906975 -1.         -0.49805502 -0.59421105 -1.
 -1.         -0.07247287 -0.99995236 -0.78989228 -0.67940301 -0.86052903]
Best fitness: 0.129578

Iteration 6
========================================
Best position: [ 1.         -0.65068013  1.         -1.          0.94042358 -0.68606463
  0.49505878  0.91280764  1.         -1.         -1.          1.
  1.          0.37364355 -1.          0.79353209 -0.97783027  1.
 -0.99966987 -0.96399695  1.         -1.         -0.65818043 -0.80170733
  0.99917583 -0.8545636   1.          1.         -1.         -0.98499041
 -0.189178    1.         -0.74482536 -0.76527561 -1.         -0.43227306
 -1.         -1.         -0.21191694 -0.22725648 -0.63657891 -0.64830737
 -0.9575167  -1.         -1.         -0.28733135 -0.33609841 -1.
 -0.21981452 -0.28296778 -1.          0.14407516 -0.01487386 -1.
 -1.         -0.57267628 -0.99993273 -0.59527551 -0.61109888 -0.67507922]
Best fitness: 0.127705

Iteration 7
========================================
Best position: [ 0.67855798 -0.72046726  1.         -0.92601624  1.         -0.84266768
  1.          0.83601164  0.99302549 -1.         -0.99568572  0.99128357
  1.          0.18394126 -0.33155522  0.8478384  -0.96626061  1.
 -0.99946217 -1.          0.99784495 -0.99894589 -0.13187926 -0.70324699
  0.99907136 -0.88011301  1.          0.75271133 -0.78540194 -0.95100836
 -0.51059064  1.         -0.38159801 -0.59359956 -1.         -0.80973937
 -1.         -0.99990118 -0.74377049 -0.47608192 -0.41563402 -0.58357389
 -1.         -1.         -1.         -0.75205126 -0.68018478 -1.
 -0.23066437 -0.83980093 -0.99218621  0.24039206 -0.56700181 -1.
 -1.          0.07063154 -0.99944314 -0.70790475 -0.66835687 -0.50435639]
Best fitness: 0.118869

Iteration 8
========================================
Best position: [ 0.55026444 -1.          0.833048   -0.96564113  1.         -0.77773328
  1.          0.74983113  0.98945153 -1.         -0.99441303  0.95945208
  1.          0.16739647  0.47856312  0.59212342 -0.94057642  1.
 -0.99945566 -1.          0.99879188 -0.89152136 -0.32775549 -0.46251821
  0.99830883 -0.78492352  1.          0.86122461 -0.77823319 -0.90597424
 -1.          1.         -0.5926882  -0.75298487 -1.         -0.70888397
 -1.         -0.99984232 -1.         -0.51723565 -0.91490217 -0.9562006
 -1.         -1.         -1.         -1.         -0.76234363 -1.
 -0.63499054 -0.83077691 -0.59199113  0.12888022 -0.20767221 -1.
 -1.         -0.67249136 -0.99908783 -0.68977665 -0.47987874 -0.97446063]
Best fitness: 0.112136

Iteration 9
========================================
Best position: [ 1.         -1.          0.85680156 -0.93950825  1.         -0.90324981
  1.          0.80957145  0.9869936  -1.         -0.99110942  0.95348936
  1.          0.24915032  0.83623984  0.81220741 -0.90123078  1.
 -0.99927289 -1.          1.         -0.87604242  0.49216598 -0.49370566
  0.99760126 -0.7245991   1.          0.69526363 -0.72479603 -0.83126251
 -1.          1.         -0.49562922 -0.46341786 -1.         -0.74585
 -1.         -0.99979534 -0.80754093 -0.11210743 -0.64683814 -0.85526475
 -1.         -1.         -1.         -1.         -1.         -1.
 -0.64772196 -1.         -0.83460538  0.2058714  -0.2433946  -1.
 -1.         -0.01219361 -0.99891872 -0.68128717 -0.3299878  -0.94112425]
Best fitness: 0.109898

Iteration 10
========================================
Best position: [ 0.95704273 -0.94689925  0.65407849 -0.89984485  0.98437499 -0.98375271
  0.98465825  0.62600364  0.98040516 -1.         -0.98914096  0.96791037
  1.          0.39992807  0.79839068  0.96023311 -0.81166752  1.
 -0.99942709 -0.97444087  0.99923027 -0.79343386  0.86746001 -0.30087642
  0.99775617 -0.65506334  1.          0.77109145 -0.50158012 -0.86747861
 -0.74867322  1.         -0.32488441 -0.39282897 -1.         -0.63959577
 -1.         -0.99976051 -0.84165754 -0.5636345  -1.         -0.92332918
 -0.98184838 -1.         -1.         -0.96958457 -0.91049603 -1.
 -0.68090077 -0.91442007 -0.85416684 -0.44893612 -0.3908263  -1.
 -1.         -0.81892507 -0.99834046 -0.63048508 -0.44105973 -0.70437684]
Best fitness: 0.102908

Iteration 11
========================================
Best position: [ 0.91993224 -0.97456652  0.49221112 -0.89725029  0.97865322 -0.99809348
  0.95219619  0.58217883  0.96768355 -1.         -0.9871507   0.97903476
  1.          0.47997464  1.          0.99783809 -0.80634612  1.
 -0.99911464 -0.77577765  0.99925591 -0.75519018  0.80724991 -0.13770176
  0.99767805 -0.61068616  1.          1.         -0.2953957  -0.97961568
 -0.64168888  1.         -0.26102959 -0.17634284 -1.         -0.86059309
 -1.         -0.99960263 -0.57315569 -0.69582673 -1.         -1.
 -1.         -1.         -1.         -0.98083437 -0.83234478 -1.
 -0.64853637 -0.85324908 -0.90455721 -0.27900053 -0.56831083 -1.
 -1.         -1.         -0.99775611 -0.58158148 -0.40145178 -0.62254457]
Best fitness: 0.102689

Iteration 12
========================================
Best position: [ 0.89095601 -0.98174344  1.         -0.84050517  0.97213102 -0.96880528
  1.          0.46678528  0.96949513 -1.         -0.94424393  0.9311059
  1.          0.54549584  0.88456533  1.         -0.71816676  1.
 -0.99988097 -0.96717567  0.97640014 -0.65353749  1.         -0.02012587
  0.99786533 -0.61371365  1.          1.         -0.22233498 -0.85409819
 -0.47955334  0.97119295 -0.31876688 -0.44098813 -1.         -0.70331942
 -1.         -0.99979869 -0.8022738  -0.4034339  -0.78084265 -0.94640472
 -0.97906932 -1.         -1.         -0.92867167 -0.98939443 -1.
 -0.65998875 -0.92124778 -0.69183705 -0.10027774 -0.27089839 -1.
 -1.         -0.37539094 -0.99705368 -0.59694647 -0.47954454 -0.47833831]
Best fitness: 0.098828

Iteration 13
========================================
Best position: [ 0.89095601 -0.98174344  1.         -0.84050517  0.97213102 -0.96880528
  1.          0.46678528  0.96949513 -1.         -0.94424393  0.9311059
  1.          0.54549584  0.88456533  1.         -0.71816676  1.
 -0.99988097 -0.96717567  0.97640014 -0.65353749  1.         -0.02012587
  0.99786533 -0.61371365  1.          1.         -0.22233498 -0.85409819
 -0.47955334  0.97119295 -0.31876688 -0.44098813 -1.         -0.70331942
 -1.         -0.99979869 -0.8022738  -0.4034339  -0.78084265 -0.94640472
 -0.97906932 -1.         -1.         -0.92867167 -0.98939443 -1.
 -0.65998875 -0.92124778 -0.69183705 -0.10027774 -0.27089839 -1.
 -1.         -0.37539094 -0.99705368 -0.59694647 -0.47954454 -0.47833831]
Best fitness: 0.098828

Iteration 14
========================================
Best position: [ 0.92283503 -0.9917879   0.4528382  -0.8472779   0.9350588  -1.
  0.93419108  1.          0.97252559 -1.         -0.9604237   0.93425898
  1.          0.5410891   0.9873072   1.         -0.77593962  1.
 -0.99976721 -0.8362538   0.99248639 -0.79550475  0.76672507  0.01434495
  0.99753928 -0.64932592  1.          0.98773069 -0.38610268 -0.79466819
 -0.59057657  0.9361903  -0.43097453 -0.11144361 -1.         -0.70751053
 -1.         -0.99972069 -0.5828447  -0.24193574 -0.85719699 -0.92904657
 -0.97336136 -1.         -1.         -0.90565491 -0.95771403 -1.
 -0.68993845 -0.89255806 -0.85896951 -0.04147597 -0.559019   -1.
 -1.         -0.522908   -0.99787626 -0.60871239 -0.35864933 -0.59659067]
Best fitness: 0.096383

Iteration 15
========================================
Best position: [ 0.91884755 -0.98504875  0.93326245 -0.82134437  0.92687203 -0.98708923
  0.94149381  0.72623194  0.97048329 -1.         -0.98472798  0.94719516
  1.          0.60467207  0.9306611   0.90975909 -0.6996616   1.
 -0.99957586 -0.88318292  0.96251488 -0.86227531  0.88130476  0.0207562
  0.99757581 -0.71342817  1.          0.97639307 -0.44058022 -0.82875157
 -0.63969249  0.9356969  -0.42447453 -0.26000989 -1.         -0.36388929
 -1.         -0.99974621 -0.26728335 -0.41451182 -0.77801986 -0.90323659
 -0.95428582 -1.         -1.         -0.91656953 -0.85103503 -1.
 -0.3923747  -0.9433599  -0.79054022 -0.17282522 -0.42688055 -1.
 -1.         -0.50626982 -0.99781365 -0.59564258 -0.53196864 -0.6232099 ]
Best fitness: 0.095255

Iteration 16
========================================
Best position: [ 0.94260857 -0.96936903  0.95688524 -0.85897886  0.94429554 -0.97897615
  0.92188118  0.91430296  0.96434377 -1.         -0.98005403  0.95538842
  1.          0.7360592   0.85786531  0.95195167 -0.61491721  1.
 -0.99953994 -0.78518986  0.96548904 -0.99103264  0.96456723 -0.01903396
  0.99705903 -0.8991912   1.          0.99801983 -0.05737687 -0.83475825
 -0.88514719  0.87566767 -0.50838303 -0.48974704 -1.         -0.31812386
 -1.         -0.99985295 -0.30035643 -0.49550625 -0.83828429 -0.83340945
 -0.94288471 -1.         -1.         -0.92671964 -0.7802772  -1.
 -0.32702925 -0.96959626 -0.68454955 -0.354613   -0.87436447 -1.
 -1.         -0.54326003 -0.99733385 -0.59074797 -0.46283772 -0.59833174]
Best fitness: 0.091727

Iteration 17
========================================
Best position: [ 1.         -0.99566362  0.88481606 -0.83512623  0.96672256 -0.9616453
  0.92535017  1.          0.96169866 -1.         -0.99935732  0.88527517
  1.          0.81953816  0.95396154  0.98004388 -0.57338889  1.
 -0.99982875 -0.83394317  0.95667185 -0.94043517  0.95213247  0.21193617
  0.99738121 -0.85739813  1.          0.99329239 -0.05269866 -0.86840639
 -0.73098402  0.7945975  -0.41492869 -0.27638054 -1.         -0.31191547
 -1.         -0.99955786 -0.23524681 -0.50375874 -0.94030878 -0.75987544
 -0.94533861 -1.         -1.         -0.86705473 -0.87112954 -1.
 -0.55608713 -0.95634329 -0.87625005 -0.57957168 -0.62463281 -1.
 -1.         -0.84320936 -0.99776996 -0.50582612 -0.62070548 -0.62003223]
Best fitness: 0.090266

Iteration 18
========================================
Best position: [ 0.87870297 -0.90483483  0.92631319 -0.83820546  0.91325657 -0.95595474
  0.95809827  1.          0.93738881 -1.         -0.99729083  0.89565395
  1.          0.99222359  1.          0.99410999 -0.58889977  1.
 -0.99994233 -0.7657123   0.9629756  -1.          0.80343934  0.15528412
  0.99724696 -1.          1.          0.97870954  1.         -0.82920289
 -0.60307779  0.49118448 -0.46947435 -0.59195603 -1.         -0.65243835
 -1.         -0.99972648 -0.05756505 -0.52252906 -1.         -0.71559122
 -0.94838034 -1.         -1.         -0.80885135 -0.88762849 -1.
 -0.73811445 -0.98056256 -0.92646288 -0.40814567 -0.92139948 -1.
 -1.         -0.84051047 -0.99668727 -0.58617183 -0.60389511 -0.38990202]
Best fitness: 0.083328

Iteration 19
========================================
Best position: [ 0.8815795  -0.90869987  1.         -0.82881523  0.88518125 -0.89435545
  1.          1.          0.93171333 -1.         -1.          0.84529351
  1.          1.          1.          1.         -0.4499837   1.
 -1.         -0.76152157  0.93177754 -0.71726365  0.9288494   0.49866955
  0.99779424 -0.99097009  1.          0.9931898   1.         -0.94936078
 -0.44266163  0.03315764 -0.43491898 -0.7277384  -1.         -0.62645792
 -1.         -0.99959421 -0.39395757 -0.40941764 -0.75380303 -0.74084077
 -0.94779075 -1.         -1.         -0.7788419  -1.         -1.
 -0.87755385 -0.98135273 -0.68712077 -0.12119387 -0.58962733 -1.
 -1.         -0.55410396 -0.99337703 -0.36246915 -0.2337903  -0.87024634]
Best fitness: 0.073929

Iteration 20
========================================
Best position: [ 0.84694353 -0.8583053   0.88919199 -0.83059075  0.99600088 -0.8413151
  0.99240053  1.          0.92448329 -1.         -1.          0.81309213
  1.          0.92364597  1.          0.9904414  -0.48114839  1.
 -1.         -0.74426123  0.91817982 -1.          0.84147716  0.6908265
  0.99787173 -1.          1.          0.98550733  0.94446838 -0.96312279
 -0.43879335 -0.03161353 -0.4868124  -0.64124229 -1.         -0.52756413
 -1.         -0.99974785 -0.42364792 -0.55598612 -0.73039932 -0.49228495
 -0.94669434 -1.         -1.         -0.74741773 -0.97795269 -1.
 -0.66994103 -0.91389903 -0.62337583 -0.17068682 -0.75420503 -1.
 -1.         -0.70496992 -0.99597911 -0.70028467 -0.63921897 -0.70531667]
Best fitness: 0.071659

Iteration 21
========================================
Best position: [ 0.84694353 -0.8583053   0.88919199 -0.83059075  0.99600088 -0.8413151
  0.99240053  1.          0.92448329 -1.         -1.          0.81309213
  1.          0.92364597  1.          0.9904414  -0.48114839  1.
 -1.         -0.74426123  0.91817982 -1.          0.84147716  0.6908265
  0.99787173 -1.          1.          0.98550733  0.94446838 -0.96312279
 -0.43879335 -0.03161353 -0.4868124  -0.64124229 -1.         -0.52756413
 -1.         -0.99974785 -0.42364792 -0.55598612 -0.73039932 -0.49228495
 -0.94669434 -1.         -1.         -0.74741773 -0.97795269 -1.
 -0.66994103 -0.91389903 -0.62337583 -0.17068682 -0.75420503 -1.
 -1.         -0.70496992 -0.99597911 -0.70028467 -0.63921897 -0.70531667]
Best fitness: 0.071659

Iteration 22
========================================
Best position: [ 0.82580504 -0.96337908  0.90718109 -0.83603385  1.         -0.81855623
  0.99208075  1.          0.91433508 -1.         -1.          0.75178817
  1.          0.91985207  1.          0.99482184 -0.47242488  1.
 -1.         -0.73669555  0.89864579 -1.          0.8205496   0.74271169
  0.99792384 -0.88984708  1.          0.98383119  0.92176375 -0.94342248
 -0.44042424 -0.32844032 -0.48191729 -0.48815106 -1.         -0.50940442
 -1.         -0.99971167 -0.4235452  -0.58152097 -0.69129336 -0.65344539
 -0.9692821  -1.         -1.         -0.78763086 -0.97793848 -1.
 -0.8107051  -0.91694487 -0.55959859 -0.18857203 -0.79960475 -1.
 -1.         -0.59976652 -0.99608421 -0.67125599 -0.31196262 -0.69932416]
Best fitness: 0.071586

Iteration 23
========================================
Best position: [ 0.84248339 -1.          0.86800484 -0.83571274  0.97649916 -0.79528447
  0.97503483  1.          0.92344579 -1.         -0.99870733  0.79634928
  1.          0.95784147  1.          0.99436116 -0.44042869  1.
 -1.         -0.75977657  0.89308582 -1.          0.80061512  0.83837172
  0.99738813 -0.96446074  1.          0.98823023  0.97898334 -0.94764781
 -0.57094712 -0.38008236 -0.44980844 -0.51339914 -1.         -0.56571707
 -1.         -0.99971758 -0.47529081 -0.60276924 -0.81672216 -0.48606278
 -0.96225219 -1.         -1.         -0.86216401 -0.98016827 -1.
 -0.73078756 -1.         -0.58085056 -0.29482194 -0.83500575 -1.
 -1.         -0.55664492 -0.99357507 -0.50698038 -0.64535796 -0.47316975]
Best fitness: 0.070385

Iteration 24
========================================
Best position: [ 0.84563366 -0.89954193  0.92035134 -0.83613885  1.         -0.7864162
  0.97778403  1.          0.92104399 -1.         -1.          0.79101061
  1.          0.94964785  1.          0.99284168 -0.48845103  1.
 -1.         -0.79423131  0.89107819 -1.          0.92279182  0.88692919
  0.99745365 -1.          1.          0.99640793  0.98385692 -0.9341515
 -0.31738911 -0.27759477 -0.41089408 -0.57597901 -1.         -0.29658322
 -1.         -0.99971585 -0.3675939  -0.59441792 -0.9558291  -0.77476179
 -0.95706489 -1.         -1.         -0.85410671 -0.98530274 -1.
 -0.67855227 -0.86734319 -0.54583754 -0.38962918 -0.79818532 -1.
 -1.         -0.5777744  -0.99228626 -0.38661233 -0.39353764 -0.46980094]
Best fitness: 0.070012

Iteration 25
========================================
Best position: [ 0.85674204 -0.97138961  0.90894419 -0.83906736  0.95220635 -0.77779316
  0.98247738  1.          0.91570518 -1.         -1.          0.80633133
  1.          0.98311347  1.          0.9909878  -0.51232665  1.
 -1.         -0.90580992  0.87032382 -0.95686945  0.91887535  0.90081816
  0.9974486  -1.          1.          1.          0.9906523  -0.92732432
 -0.43017079 -0.29672451 -0.33518796 -0.67214303 -1.         -0.35038861
 -1.         -0.99969554 -0.29530774 -0.60243424 -0.844688   -0.71572423
 -0.96498339 -1.         -1.         -0.8718762  -0.99094668 -1.
 -0.52786654 -0.86417846 -0.65171511 -0.41476108 -0.6395339  -1.
 -1.         -0.56679808 -0.99187435 -0.47468659 -0.39924957 -0.48263211]
Best fitness: 0.069500

Iteration 26
========================================
Best position: [ 0.8648264  -0.96222915  0.93588827 -0.83773762  0.98786718 -0.79201587
  0.98657361  1.          0.92444553 -1.         -0.99997952  0.80122469
  1.          0.98177541  1.          0.99190281 -0.48064587  1.
 -1.         -0.78829768  0.86235343 -0.96768901  0.91053336  0.94029229
  0.99750749 -1.          1.          0.99908625  0.991229   -0.92433851
 -0.62762011 -0.3896518  -0.26817485 -0.67016832 -1.         -0.36049831
 -1.         -0.99972791 -0.44718131 -0.56507256 -0.79130994 -0.82862247
 -0.9295302  -1.         -1.         -0.86691365 -0.98203647 -1.
 -0.6133379  -0.85780216 -0.64218309 -0.40478338 -0.57429045 -1.
 -1.         -0.60403183 -0.99215139 -0.38052637 -0.36597961 -0.52983537]
Best fitness: 0.069417

Iteration 27
========================================
Best position: [ 0.86390205 -0.97321225  0.92791352 -0.83631108  0.98283026 -0.76848621
  0.98640063  1.          0.92330701 -1.         -0.99999686  0.80245103
  1.          0.97192277  0.99734387  0.99113693 -0.50315382  1.
 -1.         -0.8511662   0.86225824 -0.98325943  0.9236481   1.
  0.99759836 -0.9979827   1.          0.99491189  0.98724151 -0.92513898
 -0.69426153 -0.27117293 -0.32679482 -0.73795363 -1.         -0.37958825
 -1.         -0.99976391 -0.47943242 -0.60702032 -0.85125799 -0.71690076
 -0.92632291 -1.         -1.         -0.86385794 -0.97601358 -1.
 -0.56800003 -0.868046   -0.63664737 -0.41544995 -0.56368618 -1.
 -1.         -0.60979971 -0.99043363 -0.41563316 -0.62537772 -0.64002972]
Best fitness: 0.068715

Iteration 28
========================================
Best position: [ 0.86390205 -0.97321225  0.92791352 -0.83631108  0.98283026 -0.76848621
  0.98640063  1.          0.92330701 -1.         -0.99999686  0.80245103
  1.          0.97192277  0.99734387  0.99113693 -0.50315382  1.
 -1.         -0.8511662   0.86225824 -0.98325943  0.9236481   1.
  0.99759836 -0.9979827   1.          0.99491189  0.98724151 -0.92513898
 -0.69426153 -0.27117293 -0.32679482 -0.73795363 -1.         -0.37958825
 -1.         -0.99976391 -0.47943242 -0.60702032 -0.85125799 -0.71690076
 -0.92632291 -1.         -1.         -0.86385794 -0.97601358 -1.
 -0.56800003 -0.868046   -0.63664737 -0.41544995 -0.56368618 -1.
 -1.         -0.60979971 -0.99043363 -0.41563316 -0.62537772 -0.64002972]
Best fitness: 0.068715

Iteration 29
========================================
Best position: [ 0.84514714 -0.69739602  0.92727909 -0.83946388  0.98340243 -0.79280696
  1.          1.          0.91730801 -1.         -0.99919576  0.78929564
  1.          0.98126111  0.99673343  0.99015233 -0.52118483  1.
 -1.         -0.81475731  0.88339448 -0.98239947  0.9619374   1.
  0.99770231 -1.          1.          0.99604994  0.9886692  -0.97744996
 -0.62508322 -0.32667583 -0.52121147 -0.73946162 -1.         -0.44117356
 -1.         -0.99977124 -0.46077358 -0.56473155 -0.90535194 -0.86746659
 -0.89098975 -1.         -1.         -0.86485424 -0.9598199  -1.
 -0.7936834  -0.85721734 -0.63902625 -0.37468368 -0.53211314 -1.
 -1.         -0.55148545 -0.98725303 -0.51801439 -0.45098575 -0.63998137]
Best fitness: 0.068661

Iteration 30
========================================
Best position: [ 0.86461667 -0.69577832  0.90585904 -0.83001247  0.97609375 -0.81794316
  0.9960287   1.          0.91897118 -1.         -0.99988279  0.79243931
  1.          0.97873983  0.99693059  0.99042946 -0.47380921  1.
 -1.         -0.82894094  0.86553703 -0.97973349  0.95064438  1.
  0.99756763 -1.          1.          0.99662133  0.98584228 -0.94457662
 -0.43383304 -0.35671558 -0.47390349 -0.55568506 -1.         -0.41648054
 -1.         -0.99976406 -0.46778024 -0.56250908 -0.82775296 -0.81174267
 -0.8940125  -1.         -1.         -0.88494603 -0.96690934 -1.
 -0.78120197 -0.85762928 -0.61941314 -0.41707027 -0.6595343  -1.
 -1.         -0.56093059 -0.98976952 -0.50689711 -0.66120451 -0.69449269]
Best fitness: 0.067857

Iteration 31
========================================
Best position: [ 0.8582501  -0.86603726  0.93251029 -0.82819944  0.98694348 -0.79188403
  0.98855452  1.          0.92111685 -1.         -0.99979601  0.85712578
  1.          0.98242438  0.99787862  0.99046254 -0.47687788  1.
 -1.         -0.86000761  0.86910185 -0.98591369  0.93340322  1.
  0.99755952 -0.99991315  1.          0.99696484  0.98805286 -1.
 -0.37576524 -0.28782551 -0.4199212  -0.60488559 -1.         -0.39685492
 -1.         -0.99961424 -0.33136746 -0.56519842 -0.89997153 -0.72231694
 -0.88302812 -1.         -1.         -0.86776609 -0.97975726 -1.
 -0.57214956 -0.85582187 -0.62091419 -0.3627544  -0.596222   -1.
 -1.         -0.60724696 -0.99007306 -0.41727271 -0.74348686 -0.76702683]
Best fitness: 0.067618

Iteration 32
========================================
Best position: [ 0.8582501  -0.86603726  0.93251029 -0.82819944  0.98694348 -0.79188403
  0.98855452  1.          0.92111685 -1.         -0.99979601  0.85712578
  1.          0.98242438  0.99787862  0.99046254 -0.47687788  1.
 -1.         -0.86000761  0.86910185 -0.98591369  0.93340322  1.
  0.99755952 -0.99991315  1.          0.99696484  0.98805286 -1.
 -0.37576524 -0.28782551 -0.4199212  -0.60488559 -1.         -0.39685492
 -1.         -0.99961424 -0.33136746 -0.56519842 -0.89997153 -0.72231694
 -0.88302812 -1.         -1.         -0.86776609 -0.97975726 -1.
 -0.57214956 -0.85582187 -0.62091419 -0.3627544  -0.596222   -1.
 -1.         -0.60724696 -0.99007306 -0.41727271 -0.74348686 -0.76702683]
Best fitness: 0.067618

Iteration 33
========================================
Best position: [ 0.8675809  -0.82329586  0.96036196 -0.82498326  0.99016415 -0.82208314
  0.94508219  1.          0.92582462 -1.         -0.99972642  0.93897206
  1.          0.98952864  1.          0.99111386 -0.4701762   1.
 -0.99994424 -0.81656918  0.87912012 -0.99588845  0.92450073  1.
  0.99750823 -0.99174966  1.          0.99837152  0.995814   -0.99678875
 -0.63817255 -0.27436169 -0.4298479  -0.71790503 -1.         -0.51845047
 -1.         -0.9995578  -0.34949903 -0.5542989  -0.74617936 -0.9435292
 -0.86400432 -1.         -1.         -0.86481781 -0.97371648 -1.
 -0.69128849 -0.86173557 -0.5979529  -0.15988104 -0.60824387 -1.
 -1.         -0.51051551 -0.99244737 -0.39111854 -0.73099692 -0.56648964]
Best fitness: 0.067416

Iteration 34
========================================
Best position: [ 0.86495959 -0.89222144  0.99396395 -0.8154064   0.99050033 -0.74724854
  0.98549614  1.          0.9339274  -1.         -0.99982288  1.
  1.          0.98702608  0.99679704  0.99129777 -0.44418381  1.
 -0.99994454 -0.86086073  0.87603348 -0.98848669  0.91742532  0.99921774
  0.99757486 -0.99616849  1.          0.993932    0.98332402 -0.94425074
 -0.52481999 -0.29119503 -0.39554939 -0.67942809 -1.         -0.41446941
 -1.         -0.99976415 -0.42349663 -0.55735517 -0.66273069 -0.69665414
 -0.87731137 -1.         -1.         -0.86250013 -0.96911295 -1.
 -0.58764525 -0.8632024  -0.62225469 -0.3279362  -0.67307661 -1.
 -1.         -0.56592669 -0.99268865 -0.47598016 -0.68654273 -0.48668914]
Best fitness: 0.066967

Iteration 35
========================================
Best position: [ 0.86495959 -0.89222144  0.99396395 -0.8154064   0.99050033 -0.74724854
  0.98549614  1.          0.9339274  -1.         -0.99982288  1.
  1.          0.98702608  0.99679704  0.99129777 -0.44418381  1.
 -0.99994454 -0.86086073  0.87603348 -0.98848669  0.91742532  0.99921774
  0.99757486 -0.99616849  1.          0.993932    0.98332402 -0.94425074
 -0.52481999 -0.29119503 -0.39554939 -0.67942809 -1.         -0.41446941
 -1.         -0.99976415 -0.42349663 -0.55735517 -0.66273069 -0.69665414
 -0.87731137 -1.         -1.         -0.86250013 -0.96911295 -1.
 -0.58764525 -0.8632024  -0.62225469 -0.3279362  -0.67307661 -1.
 -1.         -0.56592669 -0.99268865 -0.47598016 -0.68654273 -0.48668914]
Best fitness: 0.066967

Iteration 36
========================================
Best position: [ 0.86484808 -0.87504755  0.98948174 -0.81761593  0.98288601 -0.74750667
  0.98175328  1.          0.93514863 -1.         -0.99982191  1.
  1.          0.98723851  0.99705146  0.99107272 -0.41334998  1.
 -0.99995768 -0.85311114  0.87511506 -0.98095829  0.91974616  0.99927606
  0.99756151 -0.99639376  1.          0.99592692  0.98223171 -0.93294236
 -0.42179065 -0.31488249 -0.4658913  -0.65141026 -1.         -0.42480887
 -1.         -0.99975983 -0.41153617 -0.5293155  -0.67017042 -0.70491782
 -0.87133758 -1.         -1.         -0.86573709 -0.96236749 -1.
 -0.62845584 -0.83600851 -0.61972004 -0.33207789 -0.62680113 -1.
 -1.         -0.65278955 -0.9947012  -0.4836682  -0.73579046 -0.49270822]
Best fitness: 0.066816

