Iteration 0
========================================
Best position: [ 0.61696155 -1.          0.90038728 -0.68579165  0.21246654  0.64752474
 -0.00480922 -0.46341656  0.75097089  0.11289696 -0.03229234  0.48600253
  0.40354606 -0.18238504 -0.13360766  0.39954586  0.65343169 -1.
 -0.97722865 -0.62077039  0.68924386 -0.48663618  1.         -0.71160983
 -0.74274047 -0.54919693  0.85988953  0.15729986  0.18210755 -1.
 -1.          0.2604369  -0.0357784   0.97928733 -0.19908251  0.96158421
 -0.86866494  0.77740344  0.46841879]
Best fitness: -4.954189

Iteration 1
========================================
Best position: [ 0.6067314  -1.          1.         -1.          1.          1.
  0.46025849 -1.          1.         -0.44597293  0.61328183  0.89945782
  0.83084915 -0.09208015  0.47388582  0.0868652   0.8529319  -1.
 -0.46865711 -0.85142707  1.         -0.73590899  0.0920681  -0.79276184
 -0.94647833 -1.          1.          0.47625014  1.         -1.
 -0.98950019  0.74090634  0.33775109  1.         -0.86811765  1.
 -1.          0.93503285  0.98381588]
Best fitness: -62.566630

Iteration 2
========================================
Best position: [ 0.8341653  -1.          1.         -1.          0.52992261  0.91386295
  0.88546943 -1.          0.32715742 -0.55648184  1.          1.
  1.         -0.0045829   0.86154938  0.65634989  0.8364106  -1.
 -0.74203996 -1.          1.         -0.36618695  0.07895708 -1.
 -0.96262479 -1.          0.81203725  0.72687846  1.         -1.
 -1.          1.          0.95124731  1.         -1.          0.9110897
 -1.          0.38408749  1.        ]
Best fitness: -82.660112

Iteration 3
========================================
Best position: [ 0.93337363 -0.99236246  1.         -1.          0.37860571  0.90226385
  1.         -0.99827139  1.         -0.4956218   0.61103424  1.
  1.         -0.3932082   0.93761651  0.50940513  0.84966147 -0.65695966
 -1.         -1.          0.98053443 -1.         -0.13718794 -1.
 -0.94921531 -1.          0.72284475  1.          1.         -0.95071718
 -0.99952699  1.          1.          0.84902201 -0.95330787  0.99967561
 -1.          0.07938183  1.        ]
Best fitness: -99.955554

Iteration 4
========================================
Best position: [ 0.56367072 -0.98585043  1.         -0.86896057 -0.15090574  0.87355121
  0.68470896 -0.98781996  0.77296508 -0.24511513  0.47613852  0.93969713
  1.         -0.47166737  0.89232955  0.19373614  0.90582726 -0.82260343
 -0.9803034  -0.93439699  1.         -1.          0.28309849 -1.
 -0.92294371 -1.          0.9147601   1.          1.         -1.
 -0.9993379   1.          0.99307656  1.         -1.          0.93189699
 -1.          0.56694063  1.        ]
Best fitness: -111.635000

Iteration 5
========================================
Best position: [ 0.53682238 -0.97988439  1.         -0.79448204 -0.31036619  0.89067052
  1.         -0.9886946   0.79958118 -0.33450913  0.58709695  0.92031315
  1.         -0.40431759  0.80134335  0.42370803  0.71484558 -0.77435801
 -1.         -0.97379151  0.99159245 -1.          0.44000211 -1.
 -0.95496359 -1.          0.91597922  1.          1.         -0.9491067
 -0.99902993  1.          0.99763556  0.85403642 -0.99270803  0.97942544
 -1.          1.          1.        ]
Best fitness: -116.708121

Iteration 6
========================================
Best position: [ 0.87673942 -0.9825043   0.81823114 -0.87000848 -0.00580435  0.86294713
  0.90216537 -0.9897137   0.80289636 -0.46246939  0.34009022  0.99084347
  1.         -0.58493556  0.80468784 -0.02094531  0.67276581 -0.66592286
 -0.99003003 -0.93338418  0.99866753 -0.97382879  0.34725078 -1.
 -0.98247801 -1.          0.74902536  1.          1.         -0.94839581
 -0.99961873  0.97202016  0.9981037   0.91958488 -0.98559858  0.99647272
 -1.          1.          1.        ]
Best fitness: -122.622985

Iteration 7
========================================
Best position: [ 0.95147557 -0.98605792  0.65143432 -0.99294679 -0.22148129  0.90838496
  0.80756179 -0.99270776  0.44849887 -0.48718141  0.54544296  0.99831919
  1.         -0.24729182  0.86598262  0.02743562  0.61641837 -0.79705186
 -0.99305741 -0.95622743  0.9976517  -0.95007886  0.51455801 -1.
 -0.94226189 -1.          0.64687656  1.          1.         -0.95567363
 -1.          0.98014054  0.99680236  0.94053562 -0.9895712   1.
 -1.          0.90544311  1.        ]
Best fitness: -125.949950

Iteration 8
========================================
Best position: [ 1.         -0.9857545   0.42165604 -0.8518829   0.09670139  0.90555547
  0.92569277 -0.98962296  0.39029005 -0.41115317  0.27391398  1.
  1.          0.08558452  0.90526061  0.06983101  0.5944448  -0.75870154
 -0.98593651 -0.9755201   0.99993126 -0.95564956  0.4281061  -1.
 -0.95867499 -1.          0.50822237  1.          1.         -0.95285905
 -1.          0.96621582  0.99817659  0.99295888 -0.98006483  0.97208138
 -1.          0.97953437  1.        ]
Best fitness: -133.806767

Iteration 9
========================================
Best position: [ 0.84372739 -0.98280912  0.25499986 -0.85206487 -0.1193288   0.94080599
  0.9728511  -0.99011902  0.46511369 -0.52245006  0.1532957   1.
  1.          0.25977132  0.72633342 -0.03889196  0.52155702 -0.64550106
 -0.97476116 -0.98902663  0.99997489 -0.93018026  0.45122251 -1.
 -0.96979568 -1.          0.3812926   1.          1.         -0.96346007
 -0.99984636  0.95389424  0.99778787  0.99590535 -0.97509984  0.99447817
 -1.          0.99523572  1.        ]
Best fitness: -134.380248

Iteration 10
========================================
Best position: [ 0.86021924 -0.97502223  0.22898362 -0.82425906  0.20393176  0.96501609
  0.94616598 -0.99170846  0.33927428 -0.14796966  0.23361042  0.99894084
  1.         -0.01439276  0.75784309  0.05813365  0.57696171 -0.62159109
 -0.96723441 -0.97051247  0.99801183 -0.9242542   0.33974195 -1.
 -0.96417007 -1.          0.67898331  1.          1.         -0.96123955
 -0.99949913  0.95725387  0.99767558  0.96765845 -0.98175313  0.97137349
 -1.          0.95807236  1.        ]
Best fitness: -137.198537

Iteration 11
========================================
Best position: [ 0.94062402 -0.97029803  0.11663889 -0.81482184 -0.20489412  0.96729133
  0.90001117 -0.97862163  0.35034038 -0.19706297  0.16248884  0.9954762
  1.          0.03990703  0.80693636  0.19839464  0.56771001 -0.59555528
 -0.96833251 -0.9682573   0.99771602 -0.95261546  0.41671962 -1.
 -0.94998978 -1.          0.35840024  1.          1.         -0.95241125
 -0.99990224  0.95490372  0.99609116  0.99066362 -0.98143384  0.96063335
 -1.          0.99408665  1.        ]
Best fitness: -137.536477

Iteration 12
========================================
Best position: [ 0.91216525 -0.97767631  0.25511002 -0.72468426 -0.00573643  0.94073863
  0.87470698 -0.98751826  0.50147151 -0.15221174  0.31463121  1.
  1.          0.05288392  0.7425811   0.01254564  0.57340186 -0.65345549
 -0.96882561 -0.95781972  0.99913393 -0.94496635  0.42955389 -1.
 -0.98481566 -1.          0.60518985  0.99902663  1.         -0.98370821
 -0.99982946  0.94672803  0.99742053  0.94586045 -0.97813463  0.95019158
 -1.          1.          1.        ]
Best fitness: -138.176919

Iteration 13
========================================
Best position: [ 0.88119626 -0.96303462  0.30635314 -0.71981236 -0.09401355  1.
  0.83428046 -0.97479761  0.50530317 -0.16635857  0.26347223  0.99812158
  1.         -0.09213723  0.76552725  0.1557706   0.5329917  -0.63013889
 -0.96857851 -0.96734681  0.99821047 -0.96205481  0.29966945 -1.
 -0.97994492 -1.          0.40996615  0.9997095   1.         -1.
 -0.99954296  0.95067229  0.9978125   0.93115698 -0.98283972  0.95184342
 -1.          0.97998111  1.        ]
Best fitness: -139.657317

Iteration 14
========================================
Best position: [ 0.86070521 -0.9609254   0.35245018 -0.73305532 -0.08974236  0.97534425
  0.83840949 -0.98253221  0.41567618 -0.12476753  0.37231583  0.99415809
  1.         -0.10694303  0.80676889  0.10148291  0.46569597 -0.64501328
 -0.95506365 -0.96697316  0.99554174 -0.96964871  0.3074221  -1.
 -0.99677112 -1.          0.25437415  0.99885084  1.         -1.
 -0.99878686  0.97754546  0.99536573  0.94979095 -0.97438019  0.96475731
 -1.          0.97078777  1.        ]
Best fitness: -139.956843

Iteration 15
========================================
Best position: [ 0.80000679 -0.96344363  0.29237128 -0.67397641 -0.00697701  0.98939192
  0.87912821 -0.98665936  0.38028605 -0.10598673  0.29942163  0.99512414
  1.         -0.1746363   0.69955579  0.22276662  0.47526361 -0.54398613
 -0.95682113 -0.9836565   0.99749515 -0.94954679  0.27268979 -1.
 -0.99238275 -1.          0.09132208  0.9987751   1.         -0.99878185
 -0.99965418  0.97043051  0.9969954   0.93932436 -0.97932625  0.94755087
 -1.          0.988516    1.        ]
Best fitness: -141.062934

Iteration 16
========================================
Best position: [ 8.46683581e-01 -9.62516347e-01  2.31492666e-01 -7.26246164e-01
  1.72262481e-04  9.98075877e-01  8.81388440e-01 -9.85228352e-01
  4.30808186e-01 -1.25579633e-01  2.30925190e-01  9.94879245e-01
  1.00000000e+00 -1.28205461e-01  7.37157589e-01  1.13230957e-01
  4.66987541e-01 -5.78551656e-01 -9.51705208e-01 -9.88736363e-01
  9.95082391e-01 -9.87111509e-01  2.35741631e-01 -1.00000000e+00
 -9.71208244e-01 -1.00000000e+00 -9.59660204e-01  9.99109350e-01
  1.00000000e+00 -9.91812724e-01 -9.98855456e-01  9.73413718e-01
  9.96443640e-01  9.48640876e-01 -9.78737365e-01  9.54376064e-01
 -1.00000000e+00  9.72613405e-01  1.00000000e+00]
Best fitness: -148.491254

Iteration 17
========================================
Best position: [ 0.81837687 -0.96030103  0.11601737 -0.73024946  0.09844762  0.96735549
  0.78619632 -0.98001429  0.23852702 -0.15908588  0.37895477  0.99388487
  1.         -0.02798934  0.74427063  0.16272324  0.42998666 -0.59552455
 -0.95333084 -0.9985367   0.99451756 -0.9835484   0.26305897 -1.
 -0.99232107 -1.         -1.          0.99903038  1.         -0.96404913
 -0.99938189  0.96324938  0.99623523  0.93268593 -0.98151342  0.95777609
 -1.          0.98530373  1.        ]
Best fitness: -149.336578

Iteration 18
========================================
Best position: [ 0.79860489 -0.96456206  0.12758727 -0.7089331  -0.00510862  0.96647967
  0.7520002  -0.98152443  0.35782075 -0.13683472  0.38909277  0.99150816
  1.         -0.01194536  0.73355074  0.16485799  0.37726295 -0.57139432
 -0.95142096 -0.99795172  0.99307847 -0.99058626  0.26436886 -1.
 -0.98808823 -1.         -1.          0.99907124  1.         -0.93926683
 -0.99923403  0.97206064  0.99610187  0.92812452 -0.98239035  0.95688328
 -1.          0.98721107  1.        ]
Best fitness: -149.671145

Iteration 19
========================================
Best position: [ 0.77293392 -0.96411978  0.14471979 -0.65957678  0.04787144  0.98006414
  0.73008816 -0.98328095  0.35949722 -0.13623172  0.38947523  0.99231191
  1.         -0.04683611  0.70570103  0.25281485  0.44998623 -0.55501159
 -0.95398058 -1.          0.99317737 -0.98422107  0.26357968 -1.
 -0.99547674 -1.         -1.          0.99908481  1.         -0.93358322
 -0.99934335  0.96825017  0.99700318  0.93388622 -0.98162831  0.96114377
 -1.          0.99020821  1.        ]
Best fitness: -149.710356

Iteration 20
========================================
Best position: [ 0.78321701 -0.96953031  0.17460817 -0.64128874  0.04776247  0.95766337
  0.70914692 -0.9759906   0.44118955 -0.24293819  0.29427023  0.99263718
  1.         -0.06276072  0.71823674  0.24195311  0.40647992 -0.48416037
 -0.95654304 -1.          0.99281105 -0.97651398  0.22282379 -1.
 -1.         -1.         -1.          0.99903176  1.         -0.9474004
 -0.99970459  0.97507766  0.99743935  0.94331194 -0.98302889  0.97707893
 -1.          0.98995576  1.        ]
Best fitness: -150.107643

Iteration 21
========================================
Best position: [ 0.78012732 -0.97649572  0.16261438 -0.65994282  0.01589271  0.95231844
  0.74612372 -0.97368261  0.3997237  -0.23220299  0.33531723  0.99203082
  1.         -0.02694132  0.7089682   0.18298688  0.38676876 -0.52095481
 -0.94652597 -0.99812808  0.99175399 -0.98488239  0.24154841 -1.
 -0.99787458 -1.         -1.          0.99892929  1.         -0.93752146
 -0.99963612  0.97621473  0.99760583  0.94142542 -0.98278761  0.9789412
 -1.          0.98752521  1.        ]
Best fitness: -150.235500

Iteration 22
========================================
Best position: [ 0.78973543 -0.96730292  0.15847802 -0.65564076 -0.0362316   0.94627751
  0.77138319 -0.9717755   0.39988275 -0.23934557  0.26266407  0.99056269
  1.         -0.15696467  0.68771993  0.13869138  0.4569405  -0.53988928
 -0.96160588 -0.99934224  0.99230606 -0.95594776  0.36617862 -1.
 -1.         -1.         -1.          0.99931542  1.         -0.95217503
 -1.          0.97168136  0.9984536   0.94943077 -0.98363687  0.99762306
 -1.          0.98999009  1.        ]
Best fitness: -150.885259

Iteration 23
========================================
Best position: [ 0.78973543 -0.96730292  0.15847802 -0.65564076 -0.0362316   0.94627751
  0.77138319 -0.9717755   0.39988275 -0.23934557  0.26266407  0.99056269
  1.         -0.15696467  0.68771993  0.13869138  0.4569405  -0.53988928
 -0.96160588 -0.99934224  0.99230606 -0.95594776  0.36617862 -1.
 -1.         -1.         -1.          0.99931542  1.         -0.95217503
 -1.          0.97168136  0.9984536   0.94943077 -0.98363687  0.99762306
 -1.          0.98999009  1.        ]
Best fitness: -150.885259

Iteration 24
========================================
Best position: [ 0.78802755 -0.96486645  0.14256793 -0.61991529 -0.02048239  0.94604121
  0.77525443 -0.97493202  0.37228636 -0.25321342  0.23219833  0.9917944
  1.         -0.13179929  0.67348827  0.16592982  0.49549078 -0.54752317
 -0.96086268 -0.99855442  0.99348565 -0.9489521   0.25266376 -1.
 -0.99947885 -1.         -1.          0.99942395  1.         -0.98896104
 -0.99972067  0.97353926  0.99992064  0.97295638 -0.98369158  0.99763401
 -1.          0.98528372  1.        ]
Best fitness: -151.193126

Iteration 25
========================================
Best position: [ 0.79301001 -0.97156751  0.1460839  -0.64937338 -0.00348959  0.93824815
  0.76352713 -0.97294776  0.38098972 -0.22118711  0.2777802   0.99312063
  1.         -0.12050915  0.69242447  0.21375066  0.46445515 -0.54162942
 -0.96712206 -0.99879289  0.99369058 -0.96123146  0.2668162  -1.
 -0.99583877 -1.         -1.          0.99878814  1.         -1.
 -0.99975909  0.99852482  1.          0.9676796  -0.98330629  0.9848512
 -1.          0.99243278  1.        ]
Best fitness: -151.536559

Iteration 26
========================================
Best position: [ 8.05070333e-01 -9.67243768e-01  1.04327461e-01 -6.93500774e-01
  8.69831251e-04  9.37392893e-01  7.50730358e-01 -9.74079907e-01
  3.77827058e-01 -2.15598521e-01  3.02979882e-01  9.94287576e-01
  1.00000000e+00 -4.15869985e-02  6.82062097e-01  2.35955691e-01
  4.64529142e-01 -5.36494090e-01 -9.68318791e-01 -9.98210030e-01
  9.94009914e-01 -9.64325246e-01  2.49652362e-01 -1.00000000e+00
 -1.00000000e+00 -1.00000000e+00 -1.00000000e+00  9.98487811e-01
  1.00000000e+00 -1.00000000e+00 -9.99709015e-01  1.00000000e+00
  1.00000000e+00  9.81465505e-01 -9.83112063e-01  9.80022636e-01
 -1.00000000e+00  9.94233431e-01  1.00000000e+00]
Best fitness: -151.649979

Iteration 27
========================================
