Iteration 0
========================================
Best position: [-4.30316309e-01 -1.00000000e+00 -1.00000000e+00  4.46339635e-01
 -3.43427394e-01 -4.33507730e-01 -4.05365405e-01 -7.48267149e-01
 -7.59535528e-01  3.21084690e-01 -2.12834352e-01 -2.19670753e-01
  3.04909355e-01 -1.00000000e+00  1.00000000e+00  7.44231636e-01
 -1.00000000e+00  6.29563113e-02  1.00000000e+00 -1.79673058e-01
  4.53836921e-01 -1.95378531e-01 -4.45270078e-01  7.99204819e-01
 -8.56648733e-01 -7.12221380e-01 -9.16246761e-01 -9.32735098e-01
 -1.09540608e-01  1.00000000e+00 -7.72941095e-01 -1.39501238e-01
 -5.74403898e-01 -1.00000000e+00 -4.57309480e-01 -2.54429289e-01
  2.60791603e-01  7.54997004e-01 -4.34568076e-01 -4.94015556e-01
 -8.13082512e-01  2.48095142e-02  6.71213960e-02 -6.40850683e-01
 -8.57746505e-01  3.85944979e-01 -2.77175472e-01 -1.00000000e+00
  5.81742741e-01  8.55478184e-01 -4.91034626e-01  6.10601328e-01
 -8.89296445e-01 -8.42065547e-01 -4.67561486e-01 -1.68256396e-01
  2.16898162e-01  3.82073926e-01  8.95602885e-02 -9.26094154e-01
 -4.36661447e-01  9.91659774e-02  1.00000000e+00  5.77863748e-01
  4.87974334e-01  1.50934124e-01 -6.21386163e-01 -2.09758554e-02
  1.00000000e+00  9.15438377e-01 -4.46658671e-01  2.46996130e-01
 -8.70182725e-01  9.51895378e-03  8.60594279e-01  1.99926547e-01
 -3.88925771e-01 -7.38914751e-01 -5.62436588e-01  4.68449942e-01
 -1.51862818e-01 -1.00000000e+00 -4.39639962e-01 -7.40201179e-02
  1.00000000e+00 -8.92894294e-01 -4.39009710e-01 -4.99779848e-01
  9.18802705e-01 -7.84499509e-01 -3.92908256e-01  3.45423291e-01
  1.21794351e-01  8.10162114e-01 -8.84084256e-01  4.81934300e-01
 -9.47133755e-01  8.87649669e-03 -3.96764258e-01  1.00000000e+00
 -6.07532454e-01 -3.19921196e-01 -3.18539088e-02 -8.83300350e-01
  1.34587625e-01 -1.00000000e+00  2.94270327e-01 -5.33345447e-01
  2.70170914e-01 -2.72200111e-01 -1.00000000e+00 -1.00000000e+00
  1.32996826e-01  1.00000000e+00 -4.38080840e-01  2.02469363e-01
 -9.73270775e-01 -6.26975054e-02 -7.70648649e-01 -8.56967503e-01
 -2.95084875e-03  6.68335561e-01 -5.06407683e-02  4.25237132e-01
  1.00000000e+00  5.71709832e-01 -7.05287547e-01 -2.15530816e-01
  2.45169019e-01 -8.09401821e-01  3.20672916e-01  3.38378641e-01
  1.00000000e+00 -6.14196369e-01  1.40806788e-01  3.14759802e-01
 -1.00000000e+00  6.08355067e-01 -7.83583311e-02  1.20732117e-01
  5.04689574e-01 -1.00000000e+00  7.03725373e-01 -5.60475178e-01
  7.00575706e-04  1.00000000e+00 -9.19475910e-03 -8.47610683e-01
 -3.99742339e-01 -7.12852986e-01 -8.39677277e-02  3.24739718e-01
 -1.00000000e+00  5.10603149e-01 -6.93606993e-01  6.39880620e-01
 -1.00000000e+00  1.00000000e+00  7.91693728e-01 -1.88426704e-01
 -8.35009719e-01  2.05357520e-01 -1.00000000e+00  3.25475677e-02
 -1.46716097e-01 -2.27328356e-01 -2.20771227e-01  4.32743935e-01
 -6.65075562e-01  4.25238732e-01 -5.87946508e-01  2.53269835e-01
  7.62075405e-01 -3.54142917e-01  9.52506269e-01 -3.76963086e-01
  2.14907103e-01  5.73429775e-01 -1.06771587e-01  9.41652403e-01]
Best fitness: 0.168825

Iteration 1
========================================
Best position: [-0.67659413 -0.90077094 -1.          0.7922044  -0.07669122 -0.50506686
  0.15663574 -1.         -1.          0.66588716 -0.8886626   0.54078942
  0.97236389 -0.88690999  0.60493821  0.30238828 -1.         -0.54649017
  0.95709599 -0.63892219  0.29891622 -0.10238592 -0.75010232  0.99886844
 -1.         -1.         -1.         -0.27992645 -0.71765749  1.
 -0.42285425  1.          0.03471754 -0.9714123  -1.         -1.
  0.08310159  0.18271473 -0.23864757 -0.42901402  0.2271615   0.65408617
  0.50672671 -0.4697079  -1.         -0.149538   -0.20380058 -1.
  0.54423707  1.         -0.74156019  0.84236189 -1.         -0.89060582
 -1.         -0.1364672  -0.06394652  0.07208538  0.28521741 -1.
 -0.77625247 -0.00553177  0.2382011   0.96748799  0.80082872  0.18774092
 -0.20688882 -1.          0.73940447  0.89068968 -1.         -0.48109312
 -0.61391488 -0.46018896  0.28700279  1.         -0.19430557  0.90722454
 -0.84816627  0.02098847 -0.53762664 -0.95845004 -0.18426715 -0.59820725
  0.97360505 -1.         -1.          1.          1.         -1.
 -0.78858982  1.          0.51927652  0.85053382 -0.83297828  0.29821045
 -1.          1.          0.00511936  1.         -0.35769558 -1.
 -1.         -0.54191082 -0.30368541  0.46186805  0.20652065  0.05804818
 -0.57497102 -0.55089377 -0.74388244 -0.99351213  0.44669967  1.
 -0.92331495 -0.06657026 -1.         -0.87790106 -1.         -0.88895934
 -0.39939896  0.67298813 -0.53551592 -0.47843628  0.97255758  0.93475912
 -0.60577211 -0.00490941  0.61383982 -0.61892243  0.3280184  -0.75998297
  1.         -0.64471882  0.29733451  0.01021941 -1.          0.57891582
 -0.14319829 -0.18744408 -0.29584953 -0.83797434  0.70255449 -1.
  0.50465993  1.          1.         -0.70955458 -0.36698809 -0.7666056
  0.20648354  0.17478892 -0.83551647  1.         -0.33505103  0.83221185
 -0.73926757  1.          0.45182098 -1.         -1.         -1.
 -0.84577334 -0.45275803 -0.5766981   0.50546744 -0.29859751 -0.00442987
 -0.73272801  0.91620922 -0.47260531  0.83078695  0.48857675 -0.81542159
  0.51480941 -0.90174251  0.55890931  1.         -0.19280738  0.99376409]
Best fitness: 0.141998

Iteration 2
========================================
