Iteration 0
========================================
Best position: [-192.20043381  131.06476973  239.57586107   23.30921857  341.81780504
 -294.47064238  224.28799222  556.51198479 -187.17126837  139.06583645
  162.22523052  217.56428536  -94.02978123  174.26080112  461.28652909
  324.25230781  246.20371579  324.08542536 -483.0753455  -374.86311885
  -15.88261096   63.93464909 -600.          393.43548906 -106.81448127
   99.76427382 -365.12547892  -49.49200989  352.06654247  -96.40364408
  188.71872829    9.83943148  121.33875822  -11.41287285  248.55645324
 -221.36303802 -314.8271132  -315.97629109 -120.56178386 -278.20718448
   67.2026915   600.          285.69172635  365.37721548  101.36711916
  232.81154427  -90.69828973 -187.72272238 -297.4992349   184.9753547 ]
Best fitness: 959.948736

Iteration 1
========================================
Best position: [-234.4444951   319.36200963  391.77323976 -122.91098839   88.92326085
 -600.          350.11886273 -147.8530196   -83.94866934  102.33654324
  127.77591835  265.26060588   -8.8800291   -68.88853231  133.47846659
  202.64444402  161.55540498 -221.26024058 -251.45471411  380.18366272
  -38.81445511 -600.          193.51791618   -7.6444638    65.96959241
  486.78742487  154.91055225  380.60697973  155.08019029  -75.49653949
  136.20129301  184.33988896   70.09984352 -189.37633492  -41.1329566
 -302.2352411   288.27675124  -73.40918786 -244.7593091   -23.08931763
  411.4444318   600.          212.02546848  -21.98542633   87.94722574
 -177.73909828 -124.88490394 -332.93410698  357.79845982   39.88959967]
Best fitness: 841.482080

Iteration 2
========================================
Best position: [ -64.03094677   63.23970027  329.03280721  112.68767778  191.25454752
 -526.62533363   61.4148637   167.96145426 -102.53579653  127.22083498
 -371.7248449   600.         -203.24462817  -85.31169353  103.88967108
  218.80850693   11.25632561  233.12305263 -317.36640903  555.09393039
 -184.61588756 -387.86778708   98.12163008  154.67495184 -377.88216354
  321.65520865  495.38648753   41.03399411  264.97126683 -105.4725125
  246.82029082   30.93363419  138.34108225  -54.60115502  249.20259611
 -105.61125479  281.62984845   40.3012744   -30.36593168   80.43020931
  422.68938351  322.45807731   70.00310786  241.01419744  180.22012731
  -57.7000312   223.75299305  255.88783214  361.82725815 -260.72624047]
Best fitness: 749.127247

Iteration 3
========================================
Best position: [  39.79433835 -201.70637587  175.65535763  262.32450495  105.53588731
 -314.29644121  179.5556104   340.02280339  -87.5199948  -153.72895977
  -39.14820069  395.59902402 -171.90911756  222.04122386  391.92840465
   -6.44478493  113.85617313  279.97151625  -51.23119077  108.0572311
  342.07917631 -470.86019739  201.52676814   34.93509608  248.86882765
  162.31580682  105.24985527 -116.44362688  178.08022943 -217.42978826
  600.         -128.3669379   175.16257101  146.60167323  355.81884764
  -70.59752596  150.19326454  157.06486848  191.57854828  260.39917494
  313.37909812  242.51711979   66.02675361  -60.64384742  214.57456894
  226.37280619  533.27404003  243.0634123   205.17621267  -87.23358802]
Best fitness: 553.235932

Iteration 4
========================================
Best position: [  39.79433835 -201.70637587  175.65535763  262.32450495  105.53588731
 -314.29644121  179.5556104   340.02280339  -87.5199948  -153.72895977
  -39.14820069  395.59902402 -171.90911756  222.04122386  391.92840465
   -6.44478493  113.85617313  279.97151625  -51.23119077  108.0572311
  342.07917631 -470.86019739  201.52676814   34.93509608  248.86882765
  162.31580682  105.24985527 -116.44362688  178.08022943 -217.42978826
  600.         -128.3669379   175.16257101  146.60167323  355.81884764
  -70.59752596  150.19326454  157.06486848  191.57854828  260.39917494
  313.37909812  242.51711979   66.02675361  -60.64384742  214.57456894
  226.37280619  533.27404003  243.0634123   205.17621267  -87.23358802]
Best fitness: 553.235932

Iteration 5
========================================
Best position: [  39.79433835 -201.70637587  175.65535763  262.32450495  105.53588731
 -314.29644121  179.5556104   340.02280339  -87.5199948  -153.72895977
  -39.14820069  395.59902402 -171.90911756  222.04122386  391.92840465
   -6.44478493  113.85617313  279.97151625  -51.23119077  108.0572311
  342.07917631 -470.86019739  201.52676814   34.93509608  248.86882765
  162.31580682  105.24985527 -116.44362688  178.08022943 -217.42978826
  600.         -128.3669379   175.16257101  146.60167323  355.81884764
  -70.59752596  150.19326454  157.06486848  191.57854828  260.39917494
  313.37909812  242.51711979   66.02675361  -60.64384742  214.57456894
  226.37280619  533.27404003  243.0634123   205.17621267  -87.23358802]
Best fitness: 553.235932

Iteration 6
========================================
Best position: [ -41.09256756  -59.1778825   274.0884135   126.74303315   45.31362676
 -288.05659917  -60.17994257  203.31942759 -255.8268708    58.16121243
  -87.56778446  413.93723507  -16.16239408  111.05165946 -106.57912952
  261.64537135   35.63693816 -229.09574535 -140.34570191  400.51111891
   84.53750464 -183.3425219     2.12001945 -144.55457333   49.14946367
  -67.55047997  341.55556075    5.23155009  203.23947493   30.84063575
  501.61671293  258.67320293  -24.24057751   77.05618082  264.81135125
 -225.25724794  -20.37760383  121.93123692  -92.02073056   99.74140946
  387.19147081   70.05646308  103.12860419  163.57915506   22.62837748
    0.          293.53733529  403.34846234  105.09172509 -166.31765104]
Best fitness: 457.408750

Iteration 7
========================================
Best position: [ -71.65465696  -16.57663865  223.97131677  151.31638141  104.84371277
 -324.31942692  153.74021237  212.77071667 -224.77417913 -115.91155618
  342.92135743  399.00490646  129.16093578  -66.91545444  132.63257449
  324.44311185  345.46477993  -49.25377659  -71.82990907  509.6811357
  159.7858356    55.63374507   51.77694165  -38.84500999  173.79894204
  266.38522789  185.27103844    1.45373667   34.06332485  228.78309096
  342.1734336   314.98004715    3.75369307  146.54247941  332.45622752
 -176.3339838   137.36555441  293.32283538   74.06281885 -143.88290575
  339.58419295  154.10451971   63.42678055  103.01374762   10.90862141
  -21.25573385  426.35071827  364.24749343  215.87766442 -174.09074223]
Best fitness: 428.572972

Iteration 8
========================================
Best position: [ -83.23321657  -92.96493388  340.47828705  176.15056686  147.97446178
 -351.45107669    9.74191811  231.6905585  -112.63782404   76.30222104
  -26.04186214  406.26714178   46.14622027  -29.37090888 -240.96795715
  187.64616888  139.84258413 -228.62716454  -89.47864254  276.4400491
   61.59018642  -82.02333333  129.34283433  -29.5028724    91.17078036
  129.46991946  -20.31090871  -10.99165507  161.1551911    41.47544114
  493.73845326   80.8448136   -30.08006329   75.41572829  379.97606242
 -181.45742363  169.05972051  272.04660653   67.97114294   17.41028132
  376.47050894  109.77380937  105.39550156   32.0657871   -86.24279164
  137.18551768  472.07379625  280.25317677  203.88411375  145.24098143]
Best fitness: 401.649033

Iteration 9
========================================
Best position: [-7.19092198e+01 -5.08083257e+01  3.67162968e+02  1.56297189e+02
 -1.38174688e+01 -3.53285537e+02  6.78313819e+01  1.27691086e+02
 -7.12342282e+01  1.67020699e+01 -1.79350994e+02  2.86111519e+02
  1.17539949e+02  2.23375251e+01 -6.83603821e+00  2.88069282e+02
 -1.81993954e-01 -1.87039325e+02 -4.82006734e+01  1.63972167e+02
  1.10995733e+02  2.63127085e+01  8.13825602e+01 -1.54317684e+02
  4.91713215e+01  2.53926648e+02  8.75634139e+01  9.14777800e+01
  2.58426772e+02  6.94697193e+01  4.43762725e+02  2.54617802e+02
  3.24319895e+00  1.31123993e+00  3.77555716e+02 -1.58792927e+02
  1.72717506e+02  2.06283341e+02 -4.02787900e+01  3.00881759e+02
  3.69867490e+02  1.26854586e+02  1.25926860e+02  5.85630073e+01
 -3.59848824e+01  3.28282718e+01  3.75584954e+02  3.04269137e+02
  1.55006860e+02  6.80494094e+01]
Best fitness: 349.296568

Iteration 10
========================================
Best position: [  24.02597605 -310.76112412  356.01716431  177.51970029  109.80935047
 -338.22299649   41.63436966  175.61237577  -22.33959478   69.71752752
    8.89323152  340.52823491  100.14735103  -18.79441479  -24.64776345
  197.88671034   39.15624554 -140.01633675    0.78153929  267.68578495
   90.00383415   35.48251245   89.24883436  -23.28318783  201.87492198
  160.89697698  122.37531463   38.01374348  247.96431333   60.0614755
  365.35068614  166.61093142  -54.61560125   41.09813299  350.13395432
   -3.52426724  216.93058265  205.93606616   -7.2902255   301.58614235
  322.12067068   63.70117751  121.42300454  -37.12644465  -63.83970917
   39.43368163  479.71595632  285.86589172   92.45207308   31.03985302]
Best fitness: 317.467686

Iteration 11
========================================
Best position: [ 164.5056641  -160.23129645  218.65631802  173.61374724   92.65648228
 -331.93291261   55.23268749  122.91009189   66.59968716   20.95595522
  -38.32623229  364.93572481  139.79288107   23.61188878  -90.5705658
  136.41464623   44.87018887 -134.00512315  -29.26990353  172.0331455
  100.30974837  160.00319078  118.53814858 -167.87133151  171.61525762
  126.16243179  193.28532417  -61.31943593  239.87914806  -71.0912648
  388.77118308   81.81419314   81.44145785  -84.96289702  317.15893855
   21.9675079   191.81149386  204.65431914  -65.94422234  383.63493207
  316.12632789  133.74184456  171.15859522  -39.42114819   53.43008126
   91.28127223  157.82342235  268.46557837   68.67151316   58.12802113]
Best fitness: 269.749527

Iteration 12
========================================
Best position: [  46.96597764 -164.53202218  254.46733678  179.721845    119.19341575
 -332.94632409  121.07710923  166.40991315   35.39820133   27.11136264
   20.05525394  351.96591436  153.00820379   14.92227049  109.03644528
    5.41921643   44.04223359  -99.53289044   19.97672088  297.81533587
   20.45737732  139.63054655   94.45724617  -70.81672678  311.45897873
   57.44599442  126.63180898  -78.80446083  178.48915801   52.92096968
  247.11447556   12.62041687  202.33642613  -82.56745797  320.31542085
 -110.97386959  198.72871536  204.83220033  -58.55016877  125.10070827
  339.07371218  148.6920998     5.84201333  -84.01789162  103.27401498
  141.83970717  202.11855892  171.09156147  121.05594177   96.39029503]
Best fitness: 235.967593

Iteration 13
========================================
Best position: [ 146.94621123 -175.82950076  202.00252748   47.1640977    30.21589618
 -279.50160453   39.14220148  184.67206304   50.65930122   -1.34626012
    9.91344612  371.6980771   107.29752118  106.81970409  136.54598326
  142.74039809  113.4724147   -10.12511097  -29.49906718  226.95911395
  143.27648449  301.73159019   -1.98840738 -126.19027644  116.63053135
  139.89534838  245.28302091  -17.3475144   192.36229464   24.48691061
  294.7704709   141.91254697    8.32978924  -34.55523981  128.53777818
   10.59678716  212.58467194  211.95478293   43.57110863  134.98273039
  370.93816506   53.52142729   56.6310414   -13.89360849   56.14858274
  110.18924101  219.2443445   213.66135063   31.60016255   46.30764733]
Best fitness: 196.307509

Iteration 14
========================================
Best position: [ 146.94621123 -175.82950076  202.00252748   47.1640977    30.21589618
 -279.50160453   39.14220148  184.67206304   50.65930122   -1.34626012
    9.91344612  371.6980771   107.29752118  106.81970409  136.54598326
  142.74039809  113.4724147   -10.12511097  -29.49906718  226.95911395
  143.27648449  301.73159019   -1.98840738 -126.19027644  116.63053135
  139.89534838  245.28302091  -17.3475144   192.36229464   24.48691061
  294.7704709   141.91254697    8.32978924  -34.55523981  128.53777818
   10.59678716  212.58467194  211.95478293   43.57110863  134.98273039
  370.93816506   53.52142729   56.6310414   -13.89360849   56.14858274
  110.18924101  219.2443445   213.66135063   31.60016255   46.30764733]
Best fitness: 196.307509

Iteration 15
========================================
Best position: [ 1.59554145e+02  6.20119167e+01  1.85167555e+02  6.12941798e+01
  1.33501790e+01 -2.35485400e+02  3.85806183e+01  2.68445867e+02
  7.17200391e+01  1.95594476e+01  1.44224600e+02  2.52263649e+02
  2.06424053e+02  1.18420739e+02  1.84119559e+02  1.41306969e+02
  2.82999683e+01  2.06146642e+02 -7.93571063e+00  2.64712120e+02
  2.05605647e+02  3.50333329e+02  5.23571211e+01 -8.55141992e+01
  4.88348443e+01  2.63836106e+01  2.11978303e+02 -6.69348950e+01
  1.86109707e+02 -1.19528217e+02  1.86833084e+02  1.81543099e+02
  5.28457719e+00 -7.53031100e+01  7.80629630e+01  3.81882451e+01
  1.33861623e+02  1.94771298e+02  5.70419150e+01  2.42225584e-01
  3.91768190e+02  5.60891847e+01  9.42004452e+01 -2.39811818e+01
  9.03884065e+01  2.46347760e+02 -1.99651779e+01  2.66227600e+02
  2.98903106e+01  1.21649801e+02]
Best fitness: 186.011634

Iteration 16
========================================
Best position: [ 262.89442411 -120.95222166   88.25851207  148.70423251   64.6028402
 -201.83782831   67.99093932  197.50973432   74.04636951   15.0672132
  140.30367861  286.15809024  177.48150088  131.79968523   92.99734625
  125.89174411   11.03922044  298.06799558   48.46828448  253.93341206
  121.92220706  216.91969206   50.59469958  -40.51773145  104.62927041
  -15.82672848  164.78876371  -16.58526948  152.28784222 -202.38207789
  208.63962743   41.96606523  -23.09243788  -33.03795585  113.68229745
   25.96147171   92.70527691   49.67322294  249.08156257  -20.02176359
  232.16380088   99.96262744  134.23238397  -72.78733845  120.15742298
   97.24915911   24.25494488  150.35470309   81.65016058  178.85165839]
Best fitness: 157.131973

Iteration 17
========================================
Best position: [ 193.15508395  -61.3203933   100.00076543  115.27678062   62.41725013
 -222.20129278   60.35513978  171.74271145   62.54239945  138.47144595
  183.96488424  273.49833851  138.52099003  115.31312159    7.52797513
   27.94327093   43.76672231   22.10952673   -5.77625184  263.68871455
   92.80535296  274.52408849   55.43927804  -50.75968204  104.53049345
   53.06120605  237.63183824  -20.8855538   166.19690432 -104.34882722
  221.76363025   53.72387288    3.52697858   23.00341393  -16.9660688
   29.55999986  145.93911505  130.53699458  146.439528    -78.27022505
  293.95937276  121.82873552  131.42498741   -2.91097223  220.39913068
   63.89610113   74.52440839   78.75269089   57.38790956  219.28278134]
Best fitness: 140.294576

Iteration 18
========================================
Best position: [ 176.95582997  -21.99271943   16.73455597   -2.59629535   44.1905108
 -174.96092255  130.0976685   238.9848257   138.83172915   23.88315579
   86.84538012  204.66011314   55.81093132   57.21626602   79.40486884
  115.65342756    7.34451473  224.97796105  -68.94679834  164.98031893
   94.64281871  208.91856353   54.4653899   -34.49988768   -4.43917744
   69.71518985  138.6317197   -23.69055139   65.41197817  -91.29414391
   68.8160499    89.3340166    55.31197806  -47.10005138   57.05096413
  114.2196553   205.87879329   22.04884686   46.68164195   43.10467462
  250.78773487  133.15202552  108.22583707    9.23714256  146.94837149
   32.13092874   57.19058014  139.39738014   -9.33501216  178.08000256]
Best fitness: 107.509862

Iteration 19
========================================
Best position: [ 177.71423826  -57.73151914  217.26157311   28.6699828    48.18655278
 -150.76143348   86.02279567  203.77552249  100.47944926   71.32909738
  129.83169282  199.86917487  128.54861888   48.97580536   48.37350635
  104.3496207    34.53767432  164.73452114    2.82032279  224.75456507
   26.35066651  255.33748605   85.35286051  -26.89798296  130.98546604
   10.79690086  221.30445652  -16.6551064   141.36627132  -65.29868009
   91.1439575    46.29231079   69.16323533  -21.6298363   226.0480596
   93.22199522  186.43642757   79.34163543  101.57766344  -65.25081676
  268.89158632  122.63834199  154.39510309  -19.02755945  129.00715188
   39.09439667  104.3612856    97.33625742   72.00828416  216.55854707]
Best fitness: 107.166626

Iteration 20
========================================
Best position: [ 119.71219452  -89.71722908   86.63411291    1.44937353   69.49158445
 -134.6014536   106.72071933  213.22038176  150.31187097   67.34597776
  143.10885026  215.63089825  104.59846169   51.36079721   61.11267451
   44.5738082    11.47481555  184.91682515   -4.32157353  182.49533841
   28.90014599  241.07786003  137.20770999   44.37820736  109.12710695
   40.38598903  121.70456339  -10.09130342  123.36424978  -88.27880299
   84.60365058   95.39493213   11.21225151  -24.71064987  -10.62447424
  104.86211138  181.60233243  166.02007107   81.35442424   33.53041468
  281.39551087  203.6306341   146.5117403    26.47622109   95.75911603
  139.11981676   66.98308866  127.19315197    8.58456084  207.44209257]
Best fitness: 96.382059

Iteration 21
========================================
Best position: [130.49071634  -2.27783611 158.30329116  49.86544189  53.38767638
 -98.96238185 134.25979831 182.97940441 146.90392303  93.3561012
 105.73725514 223.68474775 107.85898899  50.23350215  83.23503887
  63.05963908  37.4331263  142.6912875   26.92785872 155.24862413
  15.64283323 244.85112803  91.73181008 -42.52646663 187.37902066
  48.5329657  107.24035625  -3.88778915  62.84011587 -70.41263106
  40.16845351 133.73877361  51.68511909 -12.44244503   1.19176875
  76.4162082  183.80576995  24.42862842 142.41078252 -28.59939734
 219.89917292 175.15892788 184.89082302  -7.55025362  57.37344578
 106.28213992 157.07294362 183.52326746  68.36409945 195.21069464]
Best fitness: 82.269974

Iteration 22
========================================
Best position: [130.79378288  25.71976207 115.93777316  -2.60845258  53.2806847
 -60.25416742 133.63731458 177.39302587 152.26904127 107.72966445
 138.64012035 144.95852474  95.52917868  28.69920296 123.60893152
  79.81460477  48.46932376 136.32211173  69.43587871 153.33777515
  19.71735531 279.29931013 132.65014463  50.17465484 164.68399151
  72.33103649 141.4823543  -10.57420442 139.01276042 -71.89917539
  47.62217673  29.11142853  10.02863154 -40.79321094  19.80237809
  98.11689111 198.15957554 117.69753878 134.47828088  46.55492407
 282.93901306 181.87438422 171.82396662   2.26253507 148.40075215
 141.95403712 165.57807298 165.23872352  59.80541324 222.72893815]
Best fitness: 77.201593

Iteration 23
========================================
Best position: [115.93932149 -30.50163744 110.75304352  46.75319212  61.1360466
 -37.04294555 150.69620045 173.48516323 172.28980618 173.15922312
 136.2059581  170.11671878  82.36217464  19.54612372 118.12102979
  77.50487141  45.40413381 148.26389781  56.47636712 101.58602889
  27.80403458 334.22422151 124.94934619  -3.99308657 188.70557181
  94.03314208 135.07195348  -2.06844985  82.88150128 -12.29610002
  47.06015991  44.60523078   3.36955164 -16.0718468  124.28137279
  71.40218711 184.53174182 133.08818226 171.52185369   5.85183446
 207.29939039 156.04290521 164.50162178  21.25063374 107.18285465
  92.66998461 136.88166318 219.36029532  78.87790374 217.44477126]
Best fitness: 73.842435

Iteration 24
========================================
Best position: [132.6410493   10.85916401 117.95468317 -25.9136608   72.57059285
 -27.38839433  57.6257206  157.51441369 212.78824191  73.23364754
 123.19378412 163.95317588 115.95387301  37.18325519 146.30043828
  57.65655485  98.61814309 131.08020422 107.69509869 108.66287179
  54.12625291 237.17702523 120.27516845  77.45794866 113.41008131
 143.70016692  91.5357859    7.8971934   85.12235091 -14.38135557
  39.71372488  77.2797089   -6.39111832 -37.03810236  70.55369836
 101.91342081 166.96528163 120.37159848 177.84359906  52.07105529
 186.87251711 201.83429406 251.42222174 -13.65621156 162.8742943
 109.0617961  130.27667441 223.81747186  99.31685857 194.0289283 ]
Best fitness: 63.907652

Iteration 25
========================================
Best position: [102.29645959  56.46103949 -25.38706961  68.77741351  62.94333074
 -38.70161811  98.90599575 145.72403006 183.52483563 168.84915127
 134.84073904 123.717778    94.14532172  31.89421542 101.00496794
  79.37696033  55.1330259   49.9285188   88.14460882  50.03807891
  50.11759756 240.62437066 137.91799083  52.48140026  93.64525909
 147.13250526  58.03317986  -1.79857138 113.39698954  29.75257787
  41.87118007  40.07866893   5.51694378  40.42975299 145.45125132
  83.18844982 191.98921378 154.49057309 128.2744477    1.34981728
 174.27916753 179.49992878 209.55368101  32.29728476 162.12071966
 155.99715397 110.00079615 183.71678509  78.8788294  181.34255083]
Best fitness: 52.463670

Iteration 26
========================================
Best position: [ 88.7943689   52.89846311  59.50039168 105.81770008  75.66509972
  64.13061995 116.29354514 149.46852047 190.16176277 166.47610063
 112.48486416 136.46057939 101.75160652  42.92975013  96.95178455
 104.2152771   66.50749562 156.31854975  26.15742644  64.9671324
  67.35828716 155.71219695 125.03496268 -16.70613279 150.20699301
 159.93674589  99.61743562  36.26732806  87.90736742  36.13947781
  39.87344258 -29.72802637  38.37991598  47.1152215  201.82137853
  94.61161975 192.05510185 202.87844331 150.92319396  -3.03095823
 198.53099017 168.67637817 223.57363592  -5.52506405  70.83261977
 193.38440674 108.85752616  79.54521344  66.56037289 162.70385549]
Best fitness: 49.842601

Iteration 27
========================================
Best position: [ 8.56557977e+01  5.49243907e+01  4.54366776e+01  7.06194412e+01
  6.41026432e+01 -1.48179770e+01  1.11305559e+02  1.46295487e+02
  1.69099388e+02  1.56024778e+02  9.92798770e+01  1.40186847e+02
  9.01969832e+01  6.76580603e+01  1.53097454e+02  6.29854711e+01
  7.69713761e+01  2.57366465e+01  3.64307661e+01  5.67888081e+01
  8.29682087e+01  1.95838093e+02  1.34673088e+02  3.97857995e+01
  1.17481266e+02  7.70460050e+01  1.22635423e+02  1.34638857e+01
  1.23331972e+02  4.25126527e+01  5.31427295e+01  1.26536772e-01
  8.95326175e+01  5.82883135e+01  1.44724237e+02  3.74398145e+01
  1.69113901e+02  1.51020326e+02  3.61411957e+01 -7.20931130e+00
  1.87738789e+02  1.59056570e+02  2.16648919e+02  2.72122979e+01
  1.18718331e+02  1.80406250e+02  8.89590452e+01  1.18376673e+02
  9.24248207e+01  2.10928091e+02]
Best fitness: 43.308549

Iteration 28
========================================
Best position: [ 89.60415     50.80716419  18.96796582  97.70705396  57.67684383
  27.74726882 115.07425519 144.5680459  170.11902179 153.95385355
 107.85117785 148.21883749 102.37313024 137.62545592 141.49534063
  90.15332748  82.94970678  97.58759611  43.76085239  48.79376147
  84.77392632 149.57093984 140.35511358  12.98078341 122.57128619
 155.90146682  92.33425434  18.37570691 151.58663538  40.81674092
  34.28302163  72.74537858 114.04729729  64.95060683  73.98558854
  66.32716294 164.17998055 143.19525045  78.68402888 -11.62552915
 164.89139756 164.49840743 206.27763705   7.92928728 161.83375989
 161.64957589  54.82886748  49.13153253 106.09304856 190.62780861]
Best fitness: 36.528307

Iteration 29
========================================
Best position: [ 89.60415     50.80716419  18.96796582  97.70705396  57.67684383
  27.74726882 115.07425519 144.5680459  170.11902179 153.95385355
 107.85117785 148.21883749 102.37313024 137.62545592 141.49534063
  90.15332748  82.94970678  97.58759611  43.76085239  48.79376147
  84.77392632 149.57093984 140.35511358  12.98078341 122.57128619
 155.90146682  92.33425434  18.37570691 151.58663538  40.81674092
  34.28302163  72.74537858 114.04729729  64.95060683  73.98558854
  66.32716294 164.17998055 143.19525045  78.68402888 -11.62552915
 164.89139756 164.49840743 206.27763705   7.92928728 161.83375989
 161.64957589  54.82886748  49.13153253 106.09304856 190.62780861]
Best fitness: 36.528307

Iteration 30
========================================
Best position: [ 83.54875974  52.67125894  44.97730213  90.9561107   66.93341022
  78.14655853 101.53329767 143.92587558 171.08604875 135.26729703
  89.65595512 167.06081883 106.3924639  108.81030568 113.39650476
 104.9514309   55.75316561  85.10879873 102.57100502  23.8261082
  78.34609206 187.5582294  131.27917702  80.97745465  51.77611643
 128.48537291  70.96679786  20.49718825 141.46279671  70.33423269
  39.04243046  76.64534083 141.7571044   81.46080086 123.78293113
  98.71968182 152.75421166 168.35314767  90.55034043  34.95533697
 114.99795991  30.31073043 176.02170634   5.05639597 200.80947144
  75.60627485  90.99009701  82.96727986 104.35137205 192.63265248]
Best fitness: 28.251319

Iteration 31
========================================
Best position: [ 83.54875974  52.67125894  44.97730213  90.9561107   66.93341022
  78.14655853 101.53329767 143.92587558 171.08604875 135.26729703
  89.65595512 167.06081883 106.3924639  108.81030568 113.39650476
 104.9514309   55.75316561  85.10879873 102.57100502  23.8261082
  78.34609206 187.5582294  131.27917702  80.97745465  51.77611643
 128.48537291  70.96679786  20.49718825 141.46279671  70.33423269
  39.04243046  76.64534083 141.7571044   81.46080086 123.78293113
  98.71968182 152.75421166 168.35314767  90.55034043  34.95533697
 114.99795991  30.31073043 176.02170634   5.05639597 200.80947144
  75.60627485  90.99009701  82.96727986 104.35137205 192.63265248]
Best fitness: 28.251319

Iteration 32
========================================
Best position: [ 88.34867285  37.77033428  25.54138604 103.75809528  77.94318359
  91.18509171 105.05564879 133.53653799 183.95553364 157.08747973
  85.3365348  170.94080256 114.97587504 100.49475716 134.50467906
  77.72835604  45.92892925 109.9873935  101.96018711  39.49040138
  66.46576088 126.79704033 127.03516041  47.59302538  70.57549506
 134.06632012  93.94876309  33.27611092 148.26966638  67.28875503
  42.01834595 131.25436885 159.70186226  78.72945187 114.22790015
 125.3225308  151.88473291 144.78375633 169.65821433  41.28844276
 112.80526163  59.94434239 147.01764304  -5.06366791 108.980386
 137.87806202  77.57473752  83.2445006  112.27086506 194.18940602]
Best fitness: 25.801416

Iteration 33
========================================
Best position: [ 82.57085112  38.48052532  57.92835728  99.54092568  69.33184613
  87.95922772  99.77852387 123.74874334 131.62547773 121.47601335
  79.7965668  149.64140299 101.30087195  82.83230876 130.5691838
  89.55580904  49.41933578  96.48385192 186.97475181  23.78355836
  72.37535193 156.19392025 127.94245351  84.52861244  45.28674866
 141.28244114  48.15897762  35.73479507 138.16458933  79.18211521
  34.6246803   93.44783947 147.00748183  89.38347233  84.80084693
 118.54925176 152.68128707 160.17834325 111.71192478  79.00673993
 119.79117921  46.60992569 159.38986666   8.58056753  89.49346468
 120.82575155 103.49146951 128.02252743  90.86869456 192.09158166]
Best fitness: 22.673561

Iteration 34
========================================
Best position: [ 85.17870069  41.61663916  91.90971892  74.82425029  76.49281172
 162.32699353  96.81792506 123.67550687 119.65673294 119.8730659
  81.80164607 136.04550329 110.52699232  83.28654264 149.98035685
  90.85284501  69.80212965  98.14467722 191.57383432  66.10430028
  67.99748595 174.29599367 127.29097378  72.34319332  53.2594495
 141.73560887  56.34000407  32.43434086 137.60754493  94.56890626
  30.59687237 139.00124965 128.57966911  86.13905499  89.91396798
 111.67089045 154.18706313 154.81675341 160.00726845  90.36904803
 117.92684064  42.82437608 149.70419657  19.13366049  89.6288538
 129.50638829 105.18315647 119.24750589  82.92877159 191.76274623]
Best fitness: 22.242928

Iteration 35
========================================
Best position: [ 86.36405006  39.65200934  39.58390085  98.5149949   96.27461664
  67.94450027  96.92978051 146.50414517 147.62688149  93.07341459
  84.238388   107.10278977 101.062653    92.70472915 116.91339045
  73.53642869  53.94126425 103.45312302 151.09961209  47.64125229
  75.13034703 125.95854026 125.35963921  58.77376848  48.1914256
 130.49762999  43.91170145  49.12148427 117.57561592  86.4227178
  36.86946981 105.40469948 149.41519433  83.06204435  53.71787514
 136.98934795 149.69960281 125.99294838 151.86660517  62.6122827
 119.77334357  73.98512901 170.10378812  12.10268602  81.97893191
 125.85652947  87.80189448 128.38382913 116.14507332 194.64060053]
Best fitness: 20.418345

Iteration 36
========================================
Best position: [ 67.79063601  57.01456064  71.26465662  93.09590958  94.09044321
  70.2527514   94.72957295 135.42599751 124.98504411 118.2188266
  93.9936803  103.03978235  98.78686803  92.11875779 112.11877649
  67.8034135   68.18354531 115.39353184 136.77040836  46.82089148
 103.91451798  92.1569849  126.51963956  91.82924051  72.0661053
 111.80112555  55.22787005  55.79600838 128.15954119 105.91191172
  34.28328272  85.74294818 144.03391934  98.09475804  85.95536896
 138.15359109 154.25706863 137.60704795 122.88906296  59.8735666
 120.5981338   58.48362531 166.39055074   8.82149472  87.90932022
  95.49711049  98.73755096 120.88999803  98.93185591 189.50988567]
Best fitness: 15.572094

Iteration 37
========================================
Best position: [ 67.79063601  57.01456064  71.26465662  93.09590958  94.09044321
  70.2527514   94.72957295 135.42599751 124.98504411 118.2188266
  93.9936803  103.03978235  98.78686803  92.11875779 112.11877649
  67.8034135   68.18354531 115.39353184 136.77040836  46.82089148
 103.91451798  92.1569849  126.51963956  91.82924051  72.0661053
 111.80112555  55.22787005  55.79600838 128.15954119 105.91191172
  34.28328272  85.74294818 144.03391934  98.09475804  85.95536896
 138.15359109 154.25706863 137.60704795 122.88906296  59.8735666
 120.5981338   58.48362531 166.39055074   8.82149472  87.90932022
  95.49711049  98.73755096 120.88999803  98.93185591 189.50988567]
Best fitness: 15.572094

Iteration 38
========================================
Best position: [ 67.79063601  57.01456064  71.26465662  93.09590958  94.09044321
  70.2527514   94.72957295 135.42599751 124.98504411 118.2188266
  93.9936803  103.03978235  98.78686803  92.11875779 112.11877649
  67.8034135   68.18354531 115.39353184 136.77040836  46.82089148
 103.91451798  92.1569849  126.51963956  91.82924051  72.0661053
 111.80112555  55.22787005  55.79600838 128.15954119 105.91191172
  34.28328272  85.74294818 144.03391934  98.09475804  85.95536896
 138.15359109 154.25706863 137.60704795 122.88906296  59.8735666
 120.5981338   58.48362531 166.39055074   8.82149472  87.90932022
  95.49711049  98.73755096 120.88999803  98.93185591 189.50988567]
Best fitness: 15.572094

Iteration 39
========================================
Best position: [ 65.95918993  84.6681898   60.18261383 106.33690353 104.07495821
  85.30197575  99.34612473 133.09143125 138.69874938 114.08612119
  96.01944944  80.68583473  97.48420773 100.89820414 133.54331532
  74.91138037  63.04737243 125.13432721 100.96770875  43.12419772
 133.08561823  85.63701049 130.28226944  57.07589157  77.53801591
 101.90056132  41.4762289   74.41833636 126.19428224 105.97666102
  46.88894558  64.57318523 151.74199636 115.8717913   78.32932918
 121.69833096 148.45046587 136.99540944 118.89003429  76.51083243
 109.4818371   90.03561004 154.08065974  10.45597869  66.60376983
 102.20746469 112.15238454 125.56893313 103.75277388 187.42410228]
Best fitness: 15.019483

Iteration 40
========================================
Best position: [ 50.66115335  69.7267048   63.82971737  92.37119475 110.05858473
  91.46026961  97.58950129 118.73289926 116.41310095 116.12924666
  96.22713012  90.45895389  92.65265577 122.48713176  94.27308858
  69.98339853  68.58711951  66.99701315  90.82732331  52.87690093
 106.52753316  50.73835385 124.85520108 104.0555172  104.60828333
 102.61406443  67.71038266  83.31204065 128.23239925 110.94736686
  59.73525006  87.01015385 148.56470517 114.92276536  85.4310842
 139.60225175 143.23559836 151.91695808  94.07206009  82.05489561
 110.88804477  65.11616876 144.39465845   7.61051751  79.169166
 133.21926818 117.9209213  110.38232332 114.09389545 170.814803  ]
Best fitness: 12.805564

Iteration 41
========================================
Best position: [ 55.05287318  95.71279891  64.64805265  94.53226282 102.92666639
  97.86238725  99.83134309 119.81235675 131.45606722 121.95877665
  96.18609347  95.5691907  101.99785024  94.71529906  94.20179721
  69.8167905   67.78014858  99.29486174 114.0068515   52.52428315
 102.34395792 137.70435693 125.57134454  98.73188769  96.6746725
 133.50070771 101.28283056  67.4918818  131.79296682  94.09966265
  68.18274645  89.69611933 155.67631302 115.57900049  84.55827752
 118.20561274 141.70646047 145.61369762 116.83259765  76.52892466
 119.6260818   60.34594115 142.16870569   7.27379061  80.91254186
  83.53624881 106.78715943 108.45059166 104.13125749 176.30120403]
Best fitness: 11.906536

Iteration 42
========================================
Best position: [ 52.37373736  94.56070243  85.0984291   93.25362782 104.34494465
 106.05624345 102.76614579 124.91229539 124.62905136 131.10273825
  88.85065013 113.78081673  98.37094279  92.40637341  94.59995461
  81.44937276  79.20037544  83.46917431  87.53407845  59.40349478
  97.55739975 105.82977766 126.38006698 110.40779893  94.67222807
 132.78533458  88.22589895  99.3561527  137.62831132  99.16849405
  69.10407912  92.65095639 155.53393456 126.47587252 108.43167352
 101.03440083 135.09250782 146.73226636 112.24611871  85.96685311
 115.44593206  55.08839065 134.19689212   5.56012728  84.93229594
 102.38593839 115.1091066   79.08330853 106.3675809  173.01891497]
Best fitness: 10.706565

Iteration 43
========================================
Best position: [ 48.42942031 105.71810052  81.57293206  92.57511019  88.51407469
  97.79760323  97.93555305 113.47549982 115.05770046 122.75764492
  85.40478778  93.40940252 100.70582598  88.81867575  80.76865021
  83.65477412  64.42071249  98.09920011  88.7967367   79.99176628
 107.7815554   75.16643575 119.11867738 121.00038225 107.6471545
 128.35593992 131.95404505  84.47411253 133.83718626  96.88089463
  77.26587943 117.76932304 155.04563666 127.6988746   89.97561043
 101.01312392 124.80178    146.63626698 107.20516145  91.59053181
 123.01055764  46.0081671  131.46030894   4.69800626  95.49514536
 109.93553309 104.73365347 102.23833932 102.86994713 160.83810888]
Best fitness: 10.187116

Iteration 44
========================================
Best position: [ 68.4928881   95.76517486 107.40515295  93.05020306  80.42755916
 102.71565114 100.12524941 119.63406257 129.28921921 135.25171943
  85.24338631  98.83099428 110.38958097  45.436255    79.69450763
 104.37218088  93.48780412 121.48706562  65.42274226 107.61088117
 106.10375968  82.29093244 121.6867197  126.05676918 116.74232014
 138.13278436 143.02317579 126.61687712 135.03548835  99.59515767
  94.26537013 130.07999495 148.52018703 135.28325837  87.88279286
 113.61726465 137.22918604 140.96583305  97.30100773 116.58625798
 120.8118734   69.77239426 108.11351015  53.00049997  88.46150714
 126.3681658  111.17682167  92.77650989  98.7702371  157.73932735]
Best fitness: 9.170848

Iteration 45
========================================
Best position: [ 67.35667461 102.91922222 101.17955709 103.71777858  98.88969464
 106.73177574  98.96577024 122.93665023 128.43203702 133.81485901
  97.28825507 109.06450606 111.54792269  93.00212577  79.76655306
  92.0200231   93.22960769 104.99009591  94.33367804  99.33433516
 102.9243874   96.4980495  119.304055   128.15651713 103.63780706
 117.18816975  97.86203837 140.15601492 134.77765999  77.6308696
  92.85243709 116.92646512 148.55144443 115.20433915 115.84808902
 106.25869329 125.95332335 145.49290105 126.56827529 141.48831117
 125.54213307  78.74001721 114.31507825  43.80474814 106.8101296
 126.03935666 108.65587225  81.00680963 102.33413443 147.33498101]
Best fitness: 7.386237

Iteration 46
========================================
Best position: [ 70.99960053 101.72932885 106.94676601 104.97340385  93.00023785
  91.40926159  98.57540115 119.69096128 117.34249158 127.01117609
 100.21266218  90.32386395  96.68196184  85.32064741  72.3620252
  95.66766666  87.15233288 103.82858861  63.17532373 111.81903461
 100.63817336 109.81773986 115.39404311 135.40527207 107.63982857
 124.28635178  83.1526504  108.31194669 135.79963442  80.44192889
 104.03776946 119.9240964  144.72332867 101.42612062 110.76298954
 108.17797607 115.40969111 132.29546876 124.79153996 117.56109942
 118.18924375  84.71193215 106.6637253   74.5586739  142.64323904
 126.10868098 104.85171644  97.74006229 106.56484498 146.27358759]
Best fitness: 6.065439

Iteration 47
========================================
Best position: [ 66.86907064 106.16475356  76.68015401 105.46880855 122.74749639
  94.21401873 100.41287847 124.10371758 123.37559642 112.19621449
  95.76429356  98.94321824 103.93552969 111.54554527  92.28298766
  98.52080479  89.30994366 105.56706914  64.888428   104.7529272
  88.54799666  99.53544024 115.67199651 121.86782676 110.28262775
 117.77814086  90.72849725 120.77734849 135.36629161  78.59461461
  90.85481389 106.32301131 146.88943906 101.78495493  89.53889511
 107.11642152 120.22833573 132.73587234 105.89438476 119.17952055
 117.31979513  75.23657893 117.68297081  69.33226588 142.63296159
 106.52116729 105.28029297  85.09626615 114.39182195 149.29223967]
Best fitness: 5.988192

Iteration 48
========================================
Best position: [ 86.0971881   97.21407882  90.84455788 109.84905587 117.83380491
 110.78883926  95.42037764 119.08979032 118.50183715 111.78252218
 101.59758888 105.12159138 100.41532365 113.31920337  99.1334818
  97.56340032  97.78818529  92.07640455  72.07531379 103.40741708
 110.37204871  99.96879123 112.76847491 114.66111748 101.61128479
 106.50644885 121.62013438 100.10554055 135.72909558  68.7343173
  89.63099791 118.44407286 144.31963974  91.54519    106.36948331
 115.1270314  117.7955067  126.40731396 116.13925279 127.0154502
 118.88064244 100.93331871 104.98940391  67.24484401 141.47465368
 113.40083536 107.90741632  84.07807462 109.92959636 137.01217376]
Best fitness: 4.975894

Iteration 49
========================================
Best position: [ 92.52453327  83.39223862  80.62559855 105.91360015  95.37300187
 112.06578509  95.14534155 118.01508292 112.37085949 110.14573284
 101.99853155 106.7483177  106.58267365 108.39640009  76.84002723
 100.05648709 105.10947038  85.17313602  87.25854343 109.01554735
  97.51143035  91.05976371 111.92615273 108.03155811 104.08391514
 107.19287962 130.61459011 103.46295985 134.34690153  73.64934999
  88.37486184 118.08653853 142.39578242  79.93364714  96.25096815
 108.97069779 120.96400508 124.02217589 119.22242652 112.36227298
 123.1092403   98.34144166 105.72000862  80.88108817 143.01845578
 107.26510124 123.42046142  91.13013428 108.97305192 142.74932573]
Best fitness: 4.889096

