Iteration 0
========================================
Best position: [-1.00000000e+00 -1.25219381e-01  7.94886955e-01  7.05287426e-01
 -6.83478212e-01 -1.00000000e+00  1.00000000e+00  7.22669619e-01
 -5.43392210e-01 -8.49060859e-01  1.31685290e-01 -1.33171732e-01
  1.00000000e+00 -1.00000000e+00  1.00000000e+00  1.00000000e+00
  3.63810760e-01  4.94318560e-01  6.42452951e-01  4.42643255e-01
  1.00000000e+00  7.04056506e-01 -8.28409862e-02 -4.13850517e-01
 -2.05669624e-02 -4.86539115e-01  1.00000000e+00 -7.03117975e-01
 -6.32396302e-01 -1.31857569e-01  1.00000000e+00  1.00000000e+00
  2.13380216e-01  9.11588137e-01  4.89724746e-01  1.00000000e+00
 -7.51721432e-01  1.00000000e+00 -8.65380974e-01  1.96379909e-01
  5.81533971e-01  1.00000000e+00 -8.61018976e-02 -3.47074983e-01
  9.94025531e-01  1.00000000e+00  3.23703492e-01  1.13771459e-01
  1.00000000e+00 -1.00000000e+00 -1.00000000e+00  4.00870711e-01
  1.24821345e-01  8.97600641e-01  1.95876620e-01 -8.08355484e-01
 -9.98784943e-02  3.12429817e-01  1.00000000e+00 -9.09382764e-02
  1.00000000e+00 -3.82163063e-01 -2.81943625e-01  8.76402472e-02
  9.53065790e-01  1.00000000e+00  8.30641823e-01 -3.93476622e-01
  1.00000000e+00  2.22485442e-01 -1.95911766e-01 -7.75691809e-01
  6.75435754e-01  9.97608372e-01  8.81571135e-01 -1.00000000e+00
  1.19786878e-01 -5.40252281e-01 -1.43360513e-01  4.44422177e-01
 -1.00000000e+00  1.00000000e+00  3.06382061e-01  8.97735499e-01
  2.86562618e-02 -4.67230646e-02  9.47031886e-01  8.55848933e-01
 -2.43635449e-01 -8.93937238e-02 -6.25460528e-01 -8.38178642e-01
 -5.00742803e-01  5.73269166e-02  1.00000000e+00  2.82492220e-01
  3.81214888e-02  2.26771050e-01  3.44900308e-01 -1.00000000e+00
 -5.06919990e-02  3.44383235e-02  6.96014541e-01  4.85725704e-02
 -4.06200845e-01  7.85913678e-01  1.00000000e+00 -3.77511840e-02
  6.85769271e-01 -1.29821893e-01 -4.37185861e-01 -7.63753474e-06
  2.42701876e-01 -5.54222891e-01  1.00000000e+00  1.00000000e+00
  5.35685159e-02  9.22191522e-01 -4.68634494e-01 -1.00000000e+00
 -1.88253965e-02  6.35081739e-01 -7.43853461e-01  1.68067934e-01
 -1.00000000e+00 -1.00000000e+00 -7.87972987e-01 -3.81391228e-01
 -6.62046497e-01 -3.53725966e-01 -1.00000000e+00  6.62632231e-01
 -1.00000000e+00 -1.00000000e+00  9.79708112e-01 -5.58255184e-02
 -1.50397624e-01 -8.59802624e-01  8.01460470e-01  2.48377125e-01
  4.42322637e-01  3.09887792e-01 -1.00000000e+00 -3.02984676e-01
  1.08598031e-01 -1.00000000e+00 -6.72957474e-01 -8.45233782e-01
 -1.00000000e+00 -1.00000000e+00  6.13214745e-02  6.79535831e-01
  8.33386486e-02  7.04682237e-01  7.36787237e-02 -5.30393406e-01
 -6.60351540e-01 -4.64370339e-01 -9.31100928e-02 -4.69852881e-01
  1.73446212e-01  7.70260182e-01  9.79633088e-01  1.31324150e-01
 -9.70214608e-01 -2.07351040e-01 -3.86706008e-01  1.19981759e-01
 -9.02674555e-01 -1.31842939e-01  7.25733907e-01 -1.86325637e-01
 -8.31100201e-01  1.00000000e+00 -5.53656404e-01 -6.09392515e-01
  1.00000000e+00 -4.91998778e-01 -3.24176987e-01  4.86856796e-01]
Best fitness: 170.866380

Iteration 1
========================================
Best position: [-1.          0.29888597 -0.15841286  1.         -1.         -1.
  0.97124021  0.09551594 -0.41950924 -1.          0.73623528  0.40757954
  1.         -0.36252859  0.48057761  1.         -0.05943207 -0.43289418
  1.          0.94285411  1.          1.         -0.59866564 -1.
 -0.25006065 -0.84419414  0.47720036 -0.64717844 -1.          0.09527387
  0.21021688 -0.73591423  0.47795038  0.99954998  1.          0.97732668
 -0.62891134  1.         -0.79678989  1.          1.          0.89700072
 -0.4014676   0.14099298  0.31367606  0.8416059  -0.30122969  0.48019727
  0.51544518 -1.         -0.8741653  -0.41120123  0.52719338  1.
  0.58923824  0.04841058  0.52585267  1.          1.         -0.4761123
  0.75320215  0.39394573  0.05294616  1.          1.          1.
  1.          0.87794013  1.          1.         -1.         -1.
  0.67368763 -0.71720857  1.         -1.         -0.21550726 -0.64859997
 -1.          0.9061678  -0.97474438 -0.71260187  0.58214792  0.63582434
  0.51470612  0.42320043  1.          0.57067748 -1.          0.74937211
 -0.51982935 -1.         -1.         -0.65563066  0.84364192 -0.20552776
 -0.55194627 -0.68446372 -0.82620837 -1.         -0.24034865 -0.56280393
  0.05713986  0.79338568 -0.6396244   0.65266784  0.49313209  0.26350265
 -0.51815152 -0.71014154 -1.          0.95676987  1.         -0.9124595
  1.          0.82929739 -0.38154357  0.96700114  0.90523033 -0.79519747
 -0.71729203  1.         -0.99572923 -1.         -0.95993174 -0.88160299
 -0.45439527 -0.74600564 -0.26835959 -0.0421967  -1.          0.77887702
 -1.         -1.          0.89890275 -1.          0.08016739 -0.36547568
  0.89382286  0.48482833 -0.38087287  0.96976815 -0.89249826 -0.87214935
 -0.75771773 -0.98640513 -1.         -0.96210736 -0.88879365 -1.
  0.65934534 -0.97529785 -0.76968462  0.88449221  0.28997176 -1.
 -1.          0.52763419  0.67162952 -0.74019694  0.02807998  0.70112608
  1.          0.86425823 -0.95049515  0.09936708 -0.42005592  0.00451718
 -0.78730638  1.          0.62656931 -1.         -1.          0.90308075
 -1.          0.01604719  1.          0.05307769 -0.75491589  0.57318986]
Best fitness: 110.538231

Iteration 2
========================================
Best position: [-1.          1.         -0.76593325  0.89209346 -1.         -0.99987134
  0.9531756   0.37059219 -0.66702185 -1.         -0.31369774  1.
  1.         -0.45249301  0.92575328  1.         -0.55186889 -1.
  1.          1.          0.73808956  0.67981996 -0.1498508  -0.39989803
 -1.         -0.96340392  0.57333334 -0.43543691 -1.         -0.01332517
  0.40662844 -0.01833147  0.04987371  1.          1.          0.99025716
 -0.93607043 -0.08588689 -0.93112691  0.90988002  0.91298305  0.90509968
  0.05471586  0.60836987  0.17642162  0.4064317  -0.49963912  0.08365375
  0.58967388 -1.          0.30495559 -1.          0.57311882  1.
  1.         -1.          0.3082938   1.          1.         -0.82869985
  0.93786484  1.          0.5716884   0.91710303  0.99695853  1.
  1.         -0.25727426  1.          1.         -1.         -0.66199033
  0.90482256 -0.4954146   0.97797731 -1.         -0.90424339 -1.
 -0.98867151  1.         -0.95647088 -0.56518932 -0.52366964  0.20663666
 -0.23550863  0.76595154  1.          1.         -1.          0.55801172
 -0.64848093 -0.90975911 -0.63090786 -1.          0.59913026 -0.85995126
 -1.          0.89367575 -0.32594879 -1.         -0.15375493 -0.48880371
 -0.69384537  1.          0.00277169  1.          0.99801967  0.10123833
 -0.00269431 -1.          0.01841226  1.          1.         -0.15619692
  1.          0.48323012 -0.75076243  1.          1.         -0.81124102
 -0.76434164  0.69150481 -1.         -0.95230242 -0.70102219 -0.74964443
 -0.75667924 -0.99373475 -0.82602869  0.29064883 -1.          0.59557935
 -1.         -0.91186461  0.82843031 -1.         -0.72275264 -0.75690967
 -0.31793982 -0.30290491 -0.92725068  0.14225015 -1.         -0.94566507
 -1.         -1.         -0.64412499 -0.93886259 -0.9377143  -1.
  0.94945417 -1.         -0.73329211  0.57334534  0.82176229 -0.76156188
 -0.88443479  0.92687567  1.         -0.88333089 -0.40110856  0.62512469
  1.          0.99396291 -0.64579249  1.         -1.         -0.92019447
 -0.47291891  0.88826159  1.         -1.         -1.          0.92780411
 -1.         -0.43095298  1.         -0.37402702 -1.          1.        ]
Best fitness: 19.841338

Iteration 3
========================================
