============================================
[ 1.          1.          1.          0.68560275 -1.         -1.
 -1.          1.          1.         -1.          0.31970066  1.
 -0.60344264 -1.         -1.         -1.          0.84787194 -1.
 -1.          1.          1.         -1.          1.          0.43799512
  0.39797309  0.67093228 -1.         -1.         -0.13406188 -1.
 -1.         -0.6006536  -1.          1.          1.         -0.27767219
  1.          1.         -1.         -0.06368997 -0.67247075 -1.
 -1.         -0.94601111 -1.          1.         -0.63186149 -1.
 -1.         -1.         -1.         -1.         -1.         -1.
  1.         -1.          1.          1.         -1.          1.        ]
0.22399473820667676
============================================
[-1.         -1.          1.         -0.22478619  0.53617376 -0.88573781
 -0.5140816   1.         -0.96791005 -0.71529442 -0.15082973  0.00176784
  0.94229221 -1.          1.         -0.19657365  1.          1.
  0.47437835  1.          1.          0.70776631  0.96625377  1.
  0.34270618  0.58628747  1.         -0.70779107 -1.          0.16684422
 -0.17814955 -0.14064768 -0.35377547 -1.         -1.         -0.6539737
 -0.99195754 -1.         -0.15770051 -0.23748989 -0.93762987 -0.99475899
 -1.         -0.62695537 -0.93955685  0.52380074 -0.75299705 -0.7164983
 -0.82162828 -0.9740012  -0.96009404  0.29497391  0.1029643  -0.58399606
  1.         -1.         -1.          1.          0.47032617 -1.        ]
0.15644522416964352
============================================
[ 1.         -0.14711697  1.          1.         -1.         -0.93537462
 -0.36153307  1.          0.93536724  1.         -1.          1.
  0.9364354   1.          0.2321729   0.35219789  1.          0.87367526
 -0.48446699  0.87588163 -1.          0.36428842  0.43016233 -1.
 -1.         -0.05535964  1.         -1.         -1.          0.8665976
 -1.         -1.         -1.         -0.90444708 -0.1925076  -1.
 -1.         -1.         -1.         -0.96301776 -0.65490086 -0.85389102
 -1.         -1.         -1.         -1.         -1.         -1.
 -0.13520778 -0.79130933 -1.         -1.         -0.20890782 -1.
  1.         -1.         -1.          0.99723201 -1.         -1.        ]
0.12181748288652675
============================================
[ 1.         -0.3016462   0.66916551  1.          1.         -0.13795345
 -1.          1.          0.93522376  0.16993307 -1.          1.
  1.          1.          1.         -0.82165474 -1.          0.92143507
 -0.38190447  0.97877978  0.85835219  1.          1.         -1.
 -1.         -1.          1.         -0.89466761  0.91185149  1.
 -1.         -0.01527769 -1.         -0.8974302  -0.99797563 -0.60409094
 -1.         -1.         -0.80197574 -1.         -0.72496704 -1.
 -0.92174577 -1.         -1.         -1.         -1.         -1.
 -0.51978057 -0.75997595 -1.         -1.         -1.         -0.50980944
  1.         -1.         -0.77199164  1.         -1.         -1.        ]
0.10912691583786821
============================================
[ 1.         -0.3016462   0.66916551  1.          1.         -0.13795345
 -1.          1.          0.93522376  0.16993307 -1.          1.
  1.          1.          1.         -0.82165474 -1.          0.92143507
 -0.38190447  0.97877978  0.85835219  1.          1.         -1.
 -1.         -1.          1.         -0.89466761  0.91185149  1.
 -1.         -0.01527769 -1.         -0.8974302  -0.99797563 -0.60409094
 -1.         -1.         -0.80197574 -1.         -0.72496704 -1.
 -0.92174577 -1.         -1.         -1.         -1.         -1.
 -0.51978057 -0.75997595 -1.         -1.         -1.         -0.50980944
  1.         -1.         -0.77199164  1.         -1.         -1.        ]
0.10912691583786821
============================================
[ 1.         -0.3016462   0.66916551  1.          1.         -0.13795345
 -1.          1.          0.93522376  0.16993307 -1.          1.
  1.          1.          1.         -0.82165474 -1.          0.92143507
 -0.38190447  0.97877978  0.85835219  1.          1.         -1.
 -1.         -1.          1.         -0.89466761  0.91185149  1.
 -1.         -0.01527769 -1.         -0.8974302  -0.99797563 -0.60409094
 -1.         -1.         -0.80197574 -1.         -0.72496704 -1.
 -0.92174577 -1.         -1.         -1.         -1.         -1.
 -0.51978057 -0.75997595 -1.         -1.         -1.         -0.50980944
  1.         -1.         -0.77199164  1.         -1.         -1.        ]
0.10912691583786821
============================================
[ 1.         -0.3016462   0.66916551  1.          1.         -0.13795345
 -1.          1.          0.93522376  0.16993307 -1.          1.
  1.          1.          1.         -0.82165474 -1.          0.92143507
 -0.38190447  0.97877978  0.85835219  1.          1.         -1.
 -1.         -1.          1.         -0.89466761  0.91185149  1.
 -1.         -0.01527769 -1.         -0.8974302  -0.99797563 -0.60409094
 -1.         -1.         -0.80197574 -1.         -0.72496704 -1.
 -0.92174577 -1.         -1.         -1.         -1.         -1.
 -0.51978057 -0.75997595 -1.         -1.         -1.         -0.50980944
  1.         -1.         -0.77199164  1.         -1.         -1.        ]
0.10912691583786821
============================================
[ 1.         -0.3016462   0.66916551  1.          1.         -0.13795345
 -1.          1.          0.93522376  0.16993307 -1.          1.
  1.          1.          1.         -0.82165474 -1.          0.92143507
 -0.38190447  0.97877978  0.85835219  1.          1.         -1.
 -1.         -1.          1.         -0.89466761  0.91185149  1.
 -1.         -0.01527769 -1.         -0.8974302  -0.99797563 -0.60409094
 -1.         -1.         -0.80197574 -1.         -0.72496704 -1.
 -0.92174577 -1.         -1.         -1.         -1.         -1.
 -0.51978057 -0.75997595 -1.         -1.         -1.         -0.50980944
  1.         -1.         -0.77199164  1.         -1.         -1.        ]
0.10912691583786821
============================================
[ 1.         -1.          1.          0.44155     1.          1.
  0.35615397  0.79132921  0.76040207  0.64245973 -1.          0.91506686
  0.95724785  1.          1.         -0.83605131  0.71240097  1.
  0.38846404  0.96572031  1.          1.          0.99566091  0.33824173
 -1.         -1.          1.         -1.          0.73230796  0.80757396
 -0.68336011  0.04295051 -1.         -1.         -0.88426001 -1.
 -0.9993377  -1.         -0.65196779 -0.51005563 -1.         -0.59504373
 -1.         -0.87398543 -1.         -1.         -1.         -1.
 -1.         -1.         -1.         -0.03693312 -0.99064463 -1.
  1.         -1.         -0.97559448  0.9879126  -1.         -1.        ]
0.09653211879862635
============================================
[ 1.         -1.          1.          0.44155     1.          1.
  0.35615397  0.79132921  0.76040207  0.64245973 -1.          0.91506686
  0.95724785  1.          1.         -0.83605131  0.71240097  1.
  0.38846404  0.96572031  1.          1.          0.99566091  0.33824173
 -1.         -1.          1.         -1.          0.73230796  0.80757396
 -0.68336011  0.04295051 -1.         -1.         -0.88426001 -1.
 -0.9993377  -1.         -0.65196779 -0.51005563 -1.         -0.59504373
 -1.         -0.87398543 -1.         -1.         -1.         -1.
 -1.         -1.         -1.         -0.03693312 -0.99064463 -1.
  1.         -1.         -0.97559448  0.9879126  -1.         -1.        ]
0.09653211879862635
============================================
[ 1.         -1.          1.          0.44155     1.          1.
  0.35615397  0.79132921  0.76040207  0.64245973 -1.          0.91506686
  0.95724785  1.          1.         -0.83605131  0.71240097  1.
  0.38846404  0.96572031  1.          1.          0.99566091  0.33824173
 -1.         -1.          1.         -1.          0.73230796  0.80757396
 -0.68336011  0.04295051 -1.         -1.         -0.88426001 -1.
 -0.9993377  -1.         -0.65196779 -0.51005563 -1.         -0.59504373
 -1.         -0.87398543 -1.         -1.         -1.         -1.
 -1.         -1.         -1.         -0.03693312 -0.99064463 -1.
  1.         -1.         -0.97559448  0.9879126  -1.         -1.        ]
0.09653211879862635
============================================
[ 1.         -1.          1.          0.44155     1.          1.
  0.35615397  0.79132921  0.76040207  0.64245973 -1.          0.91506686
  0.95724785  1.          1.         -0.83605131  0.71240097  1.
  0.38846404  0.96572031  1.          1.          0.99566091  0.33824173
 -1.         -1.          1.         -1.          0.73230796  0.80757396
 -0.68336011  0.04295051 -1.         -1.         -0.88426001 -1.
 -0.9993377  -1.         -0.65196779 -0.51005563 -1.         -0.59504373
 -1.         -0.87398543 -1.         -1.         -1.         -1.
 -1.         -1.         -1.         -0.03693312 -0.99064463 -1.
  1.         -1.         -0.97559448  0.9879126  -1.         -1.        ]
0.09653211879862635
============================================
[ 1.         -1.          0.97935146  1.         -0.58097554  0.9957505
  1.          1.         -1.          1.         -1.          1.
  1.          1.          1.         -0.83513783  1.          0.99437315
  0.35433071  0.77497692  0.88343412  1.          0.97076146  0.91090128
 -0.42287613 -1.          1.          0.07856277  0.45632829  0.05704574
 -0.2072377  -0.77183507 -1.         -0.96922327 -0.63551517 -1.
 -0.77040695 -1.         -0.45253323 -1.         -0.85128193 -1.
 -0.99165983 -1.         -1.         -1.         -1.         -0.21700379
 -0.68508816 -0.58973695 -0.5427723  -1.         -0.96148543 -1.
 -0.64200404 -1.         -0.64007577  0.68284545 -1.         -1.        ]
0.08898341154142907
============================================
[ 1.         -1.          0.97935146  1.         -0.58097554  0.9957505
  1.          1.         -1.          1.         -1.          1.
  1.          1.          1.         -0.83513783  1.          0.99437315
  0.35433071  0.77497692  0.88343412  1.          0.97076146  0.91090128
 -0.42287613 -1.          1.          0.07856277  0.45632829  0.05704574
 -0.2072377  -0.77183507 -1.         -0.96922327 -0.63551517 -1.
 -0.77040695 -1.         -0.45253323 -1.         -0.85128193 -1.
 -0.99165983 -1.         -1.         -1.         -1.         -0.21700379
 -0.68508816 -0.58973695 -0.5427723  -1.         -0.96148543 -1.
 -0.64200404 -1.         -0.64007577  0.68284545 -1.         -1.        ]
0.08898341154142907
============================================
[ 1.         -1.          0.97935146  1.         -0.58097554  0.9957505
  1.          1.         -1.          1.         -1.          1.
  1.          1.          1.         -0.83513783  1.          0.99437315
  0.35433071  0.77497692  0.88343412  1.          0.97076146  0.91090128
 -0.42287613 -1.          1.          0.07856277  0.45632829  0.05704574
 -0.2072377  -0.77183507 -1.         -0.96922327 -0.63551517 -1.
 -0.77040695 -1.         -0.45253323 -1.         -0.85128193 -1.
 -0.99165983 -1.         -1.         -1.         -1.         -0.21700379
 -0.68508816 -0.58973695 -0.5427723  -1.         -0.96148543 -1.
 -0.64200404 -1.         -0.64007577  0.68284545 -1.         -1.        ]
0.08898341154142907
============================================
[ 1.         -1.          0.97935146  1.         -0.58097554  0.9957505
  1.          1.         -1.          1.         -1.          1.
  1.          1.          1.         -0.83513783  1.          0.99437315
  0.35433071  0.77497692  0.88343412  1.          0.97076146  0.91090128
 -0.42287613 -1.          1.          0.07856277  0.45632829  0.05704574
 -0.2072377  -0.77183507 -1.         -0.96922327 -0.63551517 -1.
 -0.77040695 -1.         -0.45253323 -1.         -0.85128193 -1.
 -0.99165983 -1.         -1.         -1.         -1.         -0.21700379
 -0.68508816 -0.58973695 -0.5427723  -1.         -0.96148543 -1.
 -0.64200404 -1.         -0.64007577  0.68284545 -1.         -1.        ]
0.08898341154142907
============================================
[ 1.         -1.          0.97935146  1.         -0.58097554  0.9957505
  1.          1.         -1.          1.         -1.          1.
  1.          1.          1.         -0.83513783  1.          0.99437315
  0.35433071  0.77497692  0.88343412  1.          0.97076146  0.91090128
 -0.42287613 -1.          1.          0.07856277  0.45632829  0.05704574
 -0.2072377  -0.77183507 -1.         -0.96922327 -0.63551517 -1.
 -0.77040695 -1.         -0.45253323 -1.         -0.85128193 -1.
 -0.99165983 -1.         -1.         -1.         -1.         -0.21700379
 -0.68508816 -0.58973695 -0.5427723  -1.         -0.96148543 -1.
 -0.64200404 -1.         -0.64007577  0.68284545 -1.         -1.        ]
0.08898341154142907
============================================
[ 1.         -1.          0.97935146  1.         -0.58097554  0.9957505
  1.          1.         -1.          1.         -1.          1.
  1.          1.          1.         -0.83513783  1.          0.99437315
  0.35433071  0.77497692  0.88343412  1.          0.97076146  0.91090128
 -0.42287613 -1.          1.          0.07856277  0.45632829  0.05704574
 -0.2072377  -0.77183507 -1.         -0.96922327 -0.63551517 -1.
 -0.77040695 -1.         -0.45253323 -1.         -0.85128193 -1.
 -0.99165983 -1.         -1.         -1.         -1.         -0.21700379
 -0.68508816 -0.58973695 -0.5427723  -1.         -0.96148543 -1.
 -0.64200404 -1.         -0.64007577  0.68284545 -1.         -1.        ]
0.08898341154142907
============================================
[ 1.         -1.          0.97935146  1.         -0.58097554  0.9957505
  1.          1.         -1.          1.         -1.          1.
  1.          1.          1.         -0.83513783  1.          0.99437315
  0.35433071  0.77497692  0.88343412  1.          0.97076146  0.91090128
 -0.42287613 -1.          1.          0.07856277  0.45632829  0.05704574
 -0.2072377  -0.77183507 -1.         -0.96922327 -0.63551517 -1.
 -0.77040695 -1.         -0.45253323 -1.         -0.85128193 -1.
 -0.99165983 -1.         -1.         -1.         -1.         -0.21700379
 -0.68508816 -0.58973695 -0.5427723  -1.         -0.96148543 -1.
 -0.64200404 -1.         -0.64007577  0.68284545 -1.         -1.        ]
0.08898341154142907
============================================
[ 1.         -1.          0.97935146  1.         -0.58097554  0.9957505
  1.          1.         -1.          1.         -1.          1.
  1.          1.          1.         -0.83513783  1.          0.99437315
  0.35433071  0.77497692  0.88343412  1.          0.97076146  0.91090128
 -0.42287613 -1.          1.          0.07856277  0.45632829  0.05704574
 -0.2072377  -0.77183507 -1.         -0.96922327 -0.63551517 -1.
 -0.77040695 -1.         -0.45253323 -1.         -0.85128193 -1.
 -0.99165983 -1.         -1.         -1.         -1.         -0.21700379
 -0.68508816 -0.58973695 -0.5427723  -1.         -0.96148543 -1.
 -0.64200404 -1.         -0.64007577  0.68284545 -1.         -1.        ]
0.08898341154142907
============================================
[ 1.         -1.          0.97935146  1.         -0.58097554  0.9957505
  1.          1.         -1.          1.         -1.          1.
  1.          1.          1.         -0.83513783  1.          0.99437315
  0.35433071  0.77497692  0.88343412  1.          0.97076146  0.91090128
 -0.42287613 -1.          1.          0.07856277  0.45632829  0.05704574
 -0.2072377  -0.77183507 -1.         -0.96922327 -0.63551517 -1.
 -0.77040695 -1.         -0.45253323 -1.         -0.85128193 -1.
 -0.99165983 -1.         -1.         -1.         -1.         -0.21700379
 -0.68508816 -0.58973695 -0.5427723  -1.         -0.96148543 -1.
 -0.64200404 -1.         -0.64007577  0.68284545 -1.         -1.        ]
0.08898341154142907
============================================
[ 1.         -1.          0.97935146  1.         -0.58097554  0.9957505
  1.          1.         -1.          1.         -1.          1.
  1.          1.          1.         -0.83513783  1.          0.99437315
  0.35433071  0.77497692  0.88343412  1.          0.97076146  0.91090128
 -0.42287613 -1.          1.          0.07856277  0.45632829  0.05704574
 -0.2072377  -0.77183507 -1.         -0.96922327 -0.63551517 -1.
 -0.77040695 -1.         -0.45253323 -1.         -0.85128193 -1.
 -0.99165983 -1.         -1.         -1.         -1.         -0.21700379
 -0.68508816 -0.58973695 -0.5427723  -1.         -0.96148543 -1.
 -0.64200404 -1.         -0.64007577  0.68284545 -1.         -1.        ]
0.08898341154142907
============================================
[ 1.         -1.          0.97935146  1.         -0.58097554  0.9957505
  1.          1.         -1.          1.         -1.          1.
  1.          1.          1.         -0.83513783  1.          0.99437315
  0.35433071  0.77497692  0.88343412  1.          0.97076146  0.91090128
 -0.42287613 -1.          1.          0.07856277  0.45632829  0.05704574
 -0.2072377  -0.77183507 -1.         -0.96922327 -0.63551517 -1.
 -0.77040695 -1.         -0.45253323 -1.         -0.85128193 -1.
 -0.99165983 -1.         -1.         -1.         -1.         -0.21700379
 -0.68508816 -0.58973695 -0.5427723  -1.         -0.96148543 -1.
 -0.64200404 -1.         -0.64007577  0.68284545 -1.         -1.        ]
0.08898341154142907
============================================
[ 1.         -1.          0.97935146  1.         -0.58097554  0.9957505
  1.          1.         -1.          1.         -1.          1.
  1.          1.          1.         -0.83513783  1.          0.99437315
  0.35433071  0.77497692  0.88343412  1.          0.97076146  0.91090128
 -0.42287613 -1.          1.          0.07856277  0.45632829  0.05704574
 -0.2072377  -0.77183507 -1.         -0.96922327 -0.63551517 -1.
 -0.77040695 -1.         -0.45253323 -1.         -0.85128193 -1.
 -0.99165983 -1.         -1.         -1.         -1.         -0.21700379
 -0.68508816 -0.58973695 -0.5427723  -1.         -0.96148543 -1.
 -0.64200404 -1.         -0.64007577  0.68284545 -1.         -1.        ]
0.08898341154142907
============================================
[ 1.         -1.          0.97935146  1.         -0.58097554  0.9957505
  1.          1.         -1.          1.         -1.          1.
  1.          1.          1.         -0.83513783  1.          0.99437315
  0.35433071  0.77497692  0.88343412  1.          0.97076146  0.91090128
 -0.42287613 -1.          1.          0.07856277  0.45632829  0.05704574
 -0.2072377  -0.77183507 -1.         -0.96922327 -0.63551517 -1.
 -0.77040695 -1.         -0.45253323 -1.         -0.85128193 -1.
 -0.99165983 -1.         -1.         -1.         -1.         -0.21700379
 -0.68508816 -0.58973695 -0.5427723  -1.         -0.96148543 -1.
 -0.64200404 -1.         -0.64007577  0.68284545 -1.         -1.        ]
0.08898341154142907
============================================
[ 1.         -0.87681626  1.          1.          0.67338377  0.94744362
  0.96669189  1.         -1.          0.73129315 -1.          1.
  0.56356734  1.          1.         -0.62700164  1.          0.94819475
  0.66703267  0.96624537 -0.2022287   1.          0.6808688   0.7783696
 -1.         -1.          1.          0.27914358  1.         -1.
 -1.         -0.63745977 -1.         -0.73124724 -0.43225649 -1.
 -0.44552227 -1.         -0.1716224  -0.59206351 -0.75701342 -0.38035875
 -0.984501   -0.69916166 -1.         -1.         -1.         -1.
 -1.         -1.         -0.36846284 -1.         -0.40583878 -0.87240687
 -0.25739521 -1.         -0.50024205 -0.05057966 -1.         -1.        ]
0.07669263151317106
============================================
[ 1.         -0.87681626  1.          1.          0.67338377  0.94744362
  0.96669189  1.         -1.          0.73129315 -1.          1.
  0.56356734  1.          1.         -0.62700164  1.          0.94819475
  0.66703267  0.96624537 -0.2022287   1.          0.6808688   0.7783696
 -1.         -1.          1.          0.27914358  1.         -1.
 -1.         -0.63745977 -1.         -0.73124724 -0.43225649 -1.
 -0.44552227 -1.         -0.1716224  -0.59206351 -0.75701342 -0.38035875
 -0.984501   -0.69916166 -1.         -1.         -1.         -1.
 -1.         -1.         -0.36846284 -1.         -0.40583878 -0.87240687
 -0.25739521 -1.         -0.50024205 -0.05057966 -1.         -1.        ]
0.07669263151317106
============================================
[ 1.         -0.87681626  1.          1.          0.67338377  0.94744362
  0.96669189  1.         -1.          0.73129315 -1.          1.
  0.56356734  1.          1.         -0.62700164  1.          0.94819475
  0.66703267  0.96624537 -0.2022287   1.          0.6808688   0.7783696
 -1.         -1.          1.          0.27914358  1.         -1.
 -1.         -0.63745977 -1.         -0.73124724 -0.43225649 -1.
 -0.44552227 -1.         -0.1716224  -0.59206351 -0.75701342 -0.38035875
 -0.984501   -0.69916166 -1.         -1.         -1.         -1.
 -1.         -1.         -0.36846284 -1.         -0.40583878 -0.87240687
 -0.25739521 -1.         -0.50024205 -0.05057966 -1.         -1.        ]
0.07669263151317106
============================================
[ 1.         -0.87681626  1.          1.          0.67338377  0.94744362
  0.96669189  1.         -1.          0.73129315 -1.          1.
  0.56356734  1.          1.         -0.62700164  1.          0.94819475
  0.66703267  0.96624537 -0.2022287   1.          0.6808688   0.7783696
 -1.         -1.          1.          0.27914358  1.         -1.
 -1.         -0.63745977 -1.         -0.73124724 -0.43225649 -1.
 -0.44552227 -1.         -0.1716224  -0.59206351 -0.75701342 -0.38035875
 -0.984501   -0.69916166 -1.         -1.         -1.         -1.
 -1.         -1.         -0.36846284 -1.         -0.40583878 -0.87240687
 -0.25739521 -1.         -0.50024205 -0.05057966 -1.         -1.        ]
0.07669263151317106
============================================
[ 1.         -0.87681626  1.          1.          0.67338377  0.94744362
  0.96669189  1.         -1.          0.73129315 -1.          1.
  0.56356734  1.          1.         -0.62700164  1.          0.94819475
  0.66703267  0.96624537 -0.2022287   1.          0.6808688   0.7783696
 -1.         -1.          1.          0.27914358  1.         -1.
 -1.         -0.63745977 -1.         -0.73124724 -0.43225649 -1.
 -0.44552227 -1.         -0.1716224  -0.59206351 -0.75701342 -0.38035875
 -0.984501   -0.69916166 -1.         -1.         -1.         -1.
 -1.         -1.         -0.36846284 -1.         -0.40583878 -0.87240687
 -0.25739521 -1.         -0.50024205 -0.05057966 -1.         -1.        ]
0.07669263151317106
============================================
[ 1.         -0.87681626  1.          1.          0.67338377  0.94744362
  0.96669189  1.         -1.          0.73129315 -1.          1.
  0.56356734  1.          1.         -0.62700164  1.          0.94819475
  0.66703267  0.96624537 -0.2022287   1.          0.6808688   0.7783696
 -1.         -1.          1.          0.27914358  1.         -1.
 -1.         -0.63745977 -1.         -0.73124724 -0.43225649 -1.
 -0.44552227 -1.         -0.1716224  -0.59206351 -0.75701342 -0.38035875
 -0.984501   -0.69916166 -1.         -1.         -1.         -1.
 -1.         -1.         -0.36846284 -1.         -0.40583878 -0.87240687
 -0.25739521 -1.         -0.50024205 -0.05057966 -1.         -1.        ]
0.07669263151317106
============================================
[ 1.         -0.87681626  1.          1.          0.67338377  0.94744362
  0.96669189  1.         -1.          0.73129315 -1.          1.
  0.56356734  1.          1.         -0.62700164  1.          0.94819475
  0.66703267  0.96624537 -0.2022287   1.          0.6808688   0.7783696
 -1.         -1.          1.          0.27914358  1.         -1.
 -1.         -0.63745977 -1.         -0.73124724 -0.43225649 -1.
 -0.44552227 -1.         -0.1716224  -0.59206351 -0.75701342 -0.38035875
 -0.984501   -0.69916166 -1.         -1.         -1.         -1.
 -1.         -1.         -0.36846284 -1.         -0.40583878 -0.87240687
 -0.25739521 -1.         -0.50024205 -0.05057966 -1.         -1.        ]
0.07669263151317106
============================================
[ 1.         -0.87681626  1.          1.          0.67338377  0.94744362
  0.96669189  1.         -1.          0.73129315 -1.          1.
  0.56356734  1.          1.         -0.62700164  1.          0.94819475
  0.66703267  0.96624537 -0.2022287   1.          0.6808688   0.7783696
 -1.         -1.          1.          0.27914358  1.         -1.
 -1.         -0.63745977 -1.         -0.73124724 -0.43225649 -1.
 -0.44552227 -1.         -0.1716224  -0.59206351 -0.75701342 -0.38035875
 -0.984501   -0.69916166 -1.         -1.         -1.         -1.
 -1.         -1.         -0.36846284 -1.         -0.40583878 -0.87240687
 -0.25739521 -1.         -0.50024205 -0.05057966 -1.         -1.        ]
0.07669263151317106
============================================
[ 1.         -0.87681626  1.          1.          0.67338377  0.94744362
  0.96669189  1.         -1.          0.73129315 -1.          1.
  0.56356734  1.          1.         -0.62700164  1.          0.94819475
  0.66703267  0.96624537 -0.2022287   1.          0.6808688   0.7783696
 -1.         -1.          1.          0.27914358  1.         -1.
 -1.         -0.63745977 -1.         -0.73124724 -0.43225649 -1.
 -0.44552227 -1.         -0.1716224  -0.59206351 -0.75701342 -0.38035875
 -0.984501   -0.69916166 -1.         -1.         -1.         -1.
 -1.         -1.         -0.36846284 -1.         -0.40583878 -0.87240687
 -0.25739521 -1.         -0.50024205 -0.05057966 -1.         -1.        ]
0.07669263151317106
============================================
[ 1.         -0.87681626  1.          1.          0.67338377  0.94744362
  0.96669189  1.         -1.          0.73129315 -1.          1.
  0.56356734  1.          1.         -0.62700164  1.          0.94819475
  0.66703267  0.96624537 -0.2022287   1.          0.6808688   0.7783696
 -1.         -1.          1.          0.27914358  1.         -1.
 -1.         -0.63745977 -1.         -0.73124724 -0.43225649 -1.
 -0.44552227 -1.         -0.1716224  -0.59206351 -0.75701342 -0.38035875
 -0.984501   -0.69916166 -1.         -1.         -1.         -1.
 -1.         -1.         -0.36846284 -1.         -0.40583878 -0.87240687
 -0.25739521 -1.         -0.50024205 -0.05057966 -1.         -1.        ]
0.07669263151317106
============================================
[ 1.         -0.87681626  1.          1.          0.67338377  0.94744362
  0.96669189  1.         -1.          0.73129315 -1.          1.
  0.56356734  1.          1.         -0.62700164  1.          0.94819475
  0.66703267  0.96624537 -0.2022287   1.          0.6808688   0.7783696
 -1.         -1.          1.          0.27914358  1.         -1.
 -1.         -0.63745977 -1.         -0.73124724 -0.43225649 -1.
 -0.44552227 -1.         -0.1716224  -0.59206351 -0.75701342 -0.38035875
 -0.984501   -0.69916166 -1.         -1.         -1.         -1.
 -1.         -1.         -0.36846284 -1.         -0.40583878 -0.87240687
 -0.25739521 -1.         -0.50024205 -0.05057966 -1.         -1.        ]
0.07669263151317106
============================================
[ 1.         -0.87681626  1.          1.          0.67338377  0.94744362
  0.96669189  1.         -1.          0.73129315 -1.          1.
  0.56356734  1.          1.         -0.62700164  1.          0.94819475
  0.66703267  0.96624537 -0.2022287   1.          0.6808688   0.7783696
 -1.         -1.          1.          0.27914358  1.         -1.
 -1.         -0.63745977 -1.         -0.73124724 -0.43225649 -1.
 -0.44552227 -1.         -0.1716224  -0.59206351 -0.75701342 -0.38035875
 -0.984501   -0.69916166 -1.         -1.         -1.         -1.
 -1.         -1.         -0.36846284 -1.         -0.40583878 -0.87240687
 -0.25739521 -1.         -0.50024205 -0.05057966 -1.         -1.        ]
0.07669263151317106
============================================
[ 1.         -0.87681626  1.          1.          0.67338377  0.94744362
  0.96669189  1.         -1.          0.73129315 -1.          1.
  0.56356734  1.          1.         -0.62700164  1.          0.94819475
  0.66703267  0.96624537 -0.2022287   1.          0.6808688   0.7783696
 -1.         -1.          1.          0.27914358  1.         -1.
 -1.         -0.63745977 -1.         -0.73124724 -0.43225649 -1.
 -0.44552227 -1.         -0.1716224  -0.59206351 -0.75701342 -0.38035875
 -0.984501   -0.69916166 -1.         -1.         -1.         -1.
 -1.         -1.         -0.36846284 -1.         -0.40583878 -0.87240687
 -0.25739521 -1.         -0.50024205 -0.05057966 -1.         -1.        ]
0.07669263151317106
============================================
[ 1.         -0.87681626  1.          1.          0.67338377  0.94744362
  0.96669189  1.         -1.          0.73129315 -1.          1.
  0.56356734  1.          1.         -0.62700164  1.          0.94819475
  0.66703267  0.96624537 -0.2022287   1.          0.6808688   0.7783696
 -1.         -1.          1.          0.27914358  1.         -1.
 -1.         -0.63745977 -1.         -0.73124724 -0.43225649 -1.
 -0.44552227 -1.         -0.1716224  -0.59206351 -0.75701342 -0.38035875
 -0.984501   -0.69916166 -1.         -1.         -1.         -1.
 -1.         -1.         -0.36846284 -1.         -0.40583878 -0.87240687
 -0.25739521 -1.         -0.50024205 -0.05057966 -1.         -1.        ]
0.07669263151317106
============================================
[ 1.         -0.87681626  1.          1.          0.67338377  0.94744362
  0.96669189  1.         -1.          0.73129315 -1.          1.
  0.56356734  1.          1.         -0.62700164  1.          0.94819475
  0.66703267  0.96624537 -0.2022287   1.          0.6808688   0.7783696
 -1.         -1.          1.          0.27914358  1.         -1.
 -1.         -0.63745977 -1.         -0.73124724 -0.43225649 -1.
 -0.44552227 -1.         -0.1716224  -0.59206351 -0.75701342 -0.38035875
 -0.984501   -0.69916166 -1.         -1.         -1.         -1.
 -1.         -1.         -0.36846284 -1.         -0.40583878 -0.87240687
 -0.25739521 -1.         -0.50024205 -0.05057966 -1.         -1.        ]
0.07669263151317106
============================================
[ 1.         -0.87681626  1.          1.          0.67338377  0.94744362
  0.96669189  1.         -1.          0.73129315 -1.          1.
  0.56356734  1.          1.         -0.62700164  1.          0.94819475
  0.66703267  0.96624537 -0.2022287   1.          0.6808688   0.7783696
 -1.         -1.          1.          0.27914358  1.         -1.
 -1.         -0.63745977 -1.         -0.73124724 -0.43225649 -1.
 -0.44552227 -1.         -0.1716224  -0.59206351 -0.75701342 -0.38035875
 -0.984501   -0.69916166 -1.         -1.         -1.         -1.
 -1.         -1.         -0.36846284 -1.         -0.40583878 -0.87240687
 -0.25739521 -1.         -0.50024205 -0.05057966 -1.         -1.        ]
0.07669263151317106
============================================
[ 1.         -0.87681626  1.          1.          0.67338377  0.94744362
  0.96669189  1.         -1.          0.73129315 -1.          1.
  0.56356734  1.          1.         -0.62700164  1.          0.94819475
  0.66703267  0.96624537 -0.2022287   1.          0.6808688   0.7783696
 -1.         -1.          1.          0.27914358  1.         -1.
 -1.         -0.63745977 -1.         -0.73124724 -0.43225649 -1.
 -0.44552227 -1.         -0.1716224  -0.59206351 -0.75701342 -0.38035875
 -0.984501   -0.69916166 -1.         -1.         -1.         -1.
 -1.         -1.         -0.36846284 -1.         -0.40583878 -0.87240687
 -0.25739521 -1.         -0.50024205 -0.05057966 -1.         -1.        ]
0.07669263151317106
============================================
[ 1.         -0.87681626  1.          1.          0.67338377  0.94744362
  0.96669189  1.         -1.          0.73129315 -1.          1.
  0.56356734  1.          1.         -0.62700164  1.          0.94819475
  0.66703267  0.96624537 -0.2022287   1.          0.6808688   0.7783696
 -1.         -1.          1.          0.27914358  1.         -1.
 -1.         -0.63745977 -1.         -0.73124724 -0.43225649 -1.
 -0.44552227 -1.         -0.1716224  -0.59206351 -0.75701342 -0.38035875
 -0.984501   -0.69916166 -1.         -1.         -1.         -1.
 -1.         -1.         -0.36846284 -1.         -0.40583878 -0.87240687
 -0.25739521 -1.         -0.50024205 -0.05057966 -1.         -1.        ]
0.07669263151317106
============================================
[ 1.         -0.87681626  1.          1.          0.67338377  0.94744362
  0.96669189  1.         -1.          0.73129315 -1.          1.
  0.56356734  1.          1.         -0.62700164  1.          0.94819475
  0.66703267  0.96624537 -0.2022287   1.          0.6808688   0.7783696
 -1.         -1.          1.          0.27914358  1.         -1.
 -1.         -0.63745977 -1.         -0.73124724 -0.43225649 -1.
 -0.44552227 -1.         -0.1716224  -0.59206351 -0.75701342 -0.38035875
 -0.984501   -0.69916166 -1.         -1.         -1.         -1.
 -1.         -1.         -0.36846284 -1.         -0.40583878 -0.87240687
 -0.25739521 -1.         -0.50024205 -0.05057966 -1.         -1.        ]
0.07669263151317106
============================================
[ 1.         -0.87681626  1.          1.          0.67338377  0.94744362
  0.96669189  1.         -1.          0.73129315 -1.          1.
  0.56356734  1.          1.         -0.62700164  1.          0.94819475
  0.66703267  0.96624537 -0.2022287   1.          0.6808688   0.7783696
 -1.         -1.          1.          0.27914358  1.         -1.
 -1.         -0.63745977 -1.         -0.73124724 -0.43225649 -1.
 -0.44552227 -1.         -0.1716224  -0.59206351 -0.75701342 -0.38035875
 -0.984501   -0.69916166 -1.         -1.         -1.         -1.
 -1.         -1.         -0.36846284 -1.         -0.40583878 -0.87240687
 -0.25739521 -1.         -0.50024205 -0.05057966 -1.         -1.        ]
0.07669263151317106
============================================
[ 1.         -0.87681626  1.          1.          0.67338377  0.94744362
  0.96669189  1.         -1.          0.73129315 -1.          1.
  0.56356734  1.          1.         -0.62700164  1.          0.94819475
  0.66703267  0.96624537 -0.2022287   1.          0.6808688   0.7783696
 -1.         -1.          1.          0.27914358  1.         -1.
 -1.         -0.63745977 -1.         -0.73124724 -0.43225649 -1.
 -0.44552227 -1.         -0.1716224  -0.59206351 -0.75701342 -0.38035875
 -0.984501   -0.69916166 -1.         -1.         -1.         -1.
 -1.         -1.         -0.36846284 -1.         -0.40583878 -0.87240687
 -0.25739521 -1.         -0.50024205 -0.05057966 -1.         -1.        ]
0.07669263151317106
============================================
[ 1.         -0.87681626  1.          1.          0.67338377  0.94744362
  0.96669189  1.         -1.          0.73129315 -1.          1.
  0.56356734  1.          1.         -0.62700164  1.          0.94819475
  0.66703267  0.96624537 -0.2022287   1.          0.6808688   0.7783696
 -1.         -1.          1.          0.27914358  1.         -1.
 -1.         -0.63745977 -1.         -0.73124724 -0.43225649 -1.
 -0.44552227 -1.         -0.1716224  -0.59206351 -0.75701342 -0.38035875
 -0.984501   -0.69916166 -1.         -1.         -1.         -1.
 -1.         -1.         -0.36846284 -1.         -0.40583878 -0.87240687
 -0.25739521 -1.         -0.50024205 -0.05057966 -1.         -1.        ]
0.07669263151317106
============================================
[ 1.         -0.87681626  1.          1.          0.67338377  0.94744362
  0.96669189  1.         -1.          0.73129315 -1.          1.
  0.56356734  1.          1.         -0.62700164  1.          0.94819475
  0.66703267  0.96624537 -0.2022287   1.          0.6808688   0.7783696
 -1.         -1.          1.          0.27914358  1.         -1.
 -1.         -0.63745977 -1.         -0.73124724 -0.43225649 -1.
 -0.44552227 -1.         -0.1716224  -0.59206351 -0.75701342 -0.38035875
 -0.984501   -0.69916166 -1.         -1.         -1.         -1.
 -1.         -1.         -0.36846284 -1.         -0.40583878 -0.87240687
 -0.25739521 -1.         -0.50024205 -0.05057966 -1.         -1.        ]
0.07669263151317106
============================================
[ 1.         -0.87681626  1.          1.          0.67338377  0.94744362
  0.96669189  1.         -1.          0.73129315 -1.          1.
  0.56356734  1.          1.         -0.62700164  1.          0.94819475
  0.66703267  0.96624537 -0.2022287   1.          0.6808688   0.7783696
 -1.         -1.          1.          0.27914358  1.         -1.
 -1.         -0.63745977 -1.         -0.73124724 -0.43225649 -1.
 -0.44552227 -1.         -0.1716224  -0.59206351 -0.75701342 -0.38035875
 -0.984501   -0.69916166 -1.         -1.         -1.         -1.
 -1.         -1.         -0.36846284 -1.         -0.40583878 -0.87240687
 -0.25739521 -1.         -0.50024205 -0.05057966 -1.         -1.        ]
0.07669263151317106
============================================
[ 1.         -0.87681626  1.          1.          0.67338377  0.94744362
  0.96669189  1.         -1.          0.73129315 -1.          1.
  0.56356734  1.          1.         -0.62700164  1.          0.94819475
  0.66703267  0.96624537 -0.2022287   1.          0.6808688   0.7783696
 -1.         -1.          1.          0.27914358  1.         -1.
 -1.         -0.63745977 -1.         -0.73124724 -0.43225649 -1.
 -0.44552227 -1.         -0.1716224  -0.59206351 -0.75701342 -0.38035875
 -0.984501   -0.69916166 -1.         -1.         -1.         -1.
 -1.         -1.         -0.36846284 -1.         -0.40583878 -0.87240687
 -0.25739521 -1.         -0.50024205 -0.05057966 -1.         -1.        ]
0.07669263151317106
============================================
[ 1.         -0.87681626  1.          1.          0.67338377  0.94744362
  0.96669189  1.         -1.          0.73129315 -1.          1.
  0.56356734  1.          1.         -0.62700164  1.          0.94819475
  0.66703267  0.96624537 -0.2022287   1.          0.6808688   0.7783696
 -1.         -1.          1.          0.27914358  1.         -1.
 -1.         -0.63745977 -1.         -0.73124724 -0.43225649 -1.
 -0.44552227 -1.         -0.1716224  -0.59206351 -0.75701342 -0.38035875
 -0.984501   -0.69916166 -1.         -1.         -1.         -1.
 -1.         -1.         -0.36846284 -1.         -0.40583878 -0.87240687
 -0.25739521 -1.         -0.50024205 -0.05057966 -1.         -1.        ]
0.07669263151317106
============================================
[ 1.         -0.87681626  1.          1.          0.67338377  0.94744362
  0.96669189  1.         -1.          0.73129315 -1.          1.
  0.56356734  1.          1.         -0.62700164  1.          0.94819475
  0.66703267  0.96624537 -0.2022287   1.          0.6808688   0.7783696
 -1.         -1.          1.          0.27914358  1.         -1.
 -1.         -0.63745977 -1.         -0.73124724 -0.43225649 -1.
 -0.44552227 -1.         -0.1716224  -0.59206351 -0.75701342 -0.38035875
 -0.984501   -0.69916166 -1.         -1.         -1.         -1.
 -1.         -1.         -0.36846284 -1.         -0.40583878 -0.87240687
 -0.25739521 -1.         -0.50024205 -0.05057966 -1.         -1.        ]
0.07669263151317106
============================================
[ 1.         -0.87681626  1.          1.          0.67338377  0.94744362
  0.96669189  1.         -1.          0.73129315 -1.          1.
  0.56356734  1.          1.         -0.62700164  1.          0.94819475
  0.66703267  0.96624537 -0.2022287   1.          0.6808688   0.7783696
 -1.         -1.          1.          0.27914358  1.         -1.
 -1.         -0.63745977 -1.         -0.73124724 -0.43225649 -1.
 -0.44552227 -1.         -0.1716224  -0.59206351 -0.75701342 -0.38035875
 -0.984501   -0.69916166 -1.         -1.         -1.         -1.
 -1.         -1.         -0.36846284 -1.         -0.40583878 -0.87240687
 -0.25739521 -1.         -0.50024205 -0.05057966 -1.         -1.        ]
0.07669263151317106
============================================
[ 1.         -0.87681626  1.          1.          0.67338377  0.94744362
  0.96669189  1.         -1.          0.73129315 -1.          1.
  0.56356734  1.          1.         -0.62700164  1.          0.94819475
  0.66703267  0.96624537 -0.2022287   1.          0.6808688   0.7783696
 -1.         -1.          1.          0.27914358  1.         -1.
 -1.         -0.63745977 -1.         -0.73124724 -0.43225649 -1.
 -0.44552227 -1.         -0.1716224  -0.59206351 -0.75701342 -0.38035875
 -0.984501   -0.69916166 -1.         -1.         -1.         -1.
 -1.         -1.         -0.36846284 -1.         -0.40583878 -0.87240687
 -0.25739521 -1.         -0.50024205 -0.05057966 -1.         -1.        ]
0.07669263151317106
============================================
[ 1.         -0.87681626  1.          1.          0.67338377  0.94744362
  0.96669189  1.         -1.          0.73129315 -1.          1.
  0.56356734  1.          1.         -0.62700164  1.          0.94819475
  0.66703267  0.96624537 -0.2022287   1.          0.6808688   0.7783696
 -1.         -1.          1.          0.27914358  1.         -1.
 -1.         -0.63745977 -1.         -0.73124724 -0.43225649 -1.
 -0.44552227 -1.         -0.1716224  -0.59206351 -0.75701342 -0.38035875
 -0.984501   -0.69916166 -1.         -1.         -1.         -1.
 -1.         -1.         -0.36846284 -1.         -0.40583878 -0.87240687
 -0.25739521 -1.         -0.50024205 -0.05057966 -1.         -1.        ]
0.07669263151317106
============================================
[ 1.         -0.87681626  1.          1.          0.67338377  0.94744362
  0.96669189  1.         -1.          0.73129315 -1.          1.
  0.56356734  1.          1.         -0.62700164  1.          0.94819475
  0.66703267  0.96624537 -0.2022287   1.          0.6808688   0.7783696
 -1.         -1.          1.          0.27914358  1.         -1.
 -1.         -0.63745977 -1.         -0.73124724 -0.43225649 -1.
 -0.44552227 -1.         -0.1716224  -0.59206351 -0.75701342 -0.38035875
 -0.984501   -0.69916166 -1.         -1.         -1.         -1.
 -1.         -1.         -0.36846284 -1.         -0.40583878 -0.87240687
 -0.25739521 -1.         -0.50024205 -0.05057966 -1.         -1.        ]
0.07669263151317106
============================================
[ 1.         -0.87681626  1.          1.          0.67338377  0.94744362
  0.96669189  1.         -1.          0.73129315 -1.          1.
  0.56356734  1.          1.         -0.62700164  1.          0.94819475
  0.66703267  0.96624537 -0.2022287   1.          0.6808688   0.7783696
 -1.         -1.          1.          0.27914358  1.         -1.
 -1.         -0.63745977 -1.         -0.73124724 -0.43225649 -1.
 -0.44552227 -1.         -0.1716224  -0.59206351 -0.75701342 -0.38035875
 -0.984501   -0.69916166 -1.         -1.         -1.         -1.
 -1.         -1.         -0.36846284 -1.         -0.40583878 -0.87240687
 -0.25739521 -1.         -0.50024205 -0.05057966 -1.         -1.        ]
0.07669263151317106
============================================
[ 1.         -0.87681626  1.          1.          0.67338377  0.94744362
  0.96669189  1.         -1.          0.73129315 -1.          1.
  0.56356734  1.          1.         -0.62700164  1.          0.94819475
  0.66703267  0.96624537 -0.2022287   1.          0.6808688   0.7783696
 -1.         -1.          1.          0.27914358  1.         -1.
 -1.         -0.63745977 -1.         -0.73124724 -0.43225649 -1.
 -0.44552227 -1.         -0.1716224  -0.59206351 -0.75701342 -0.38035875
 -0.984501   -0.69916166 -1.         -1.         -1.         -1.
 -1.         -1.         -0.36846284 -1.         -0.40583878 -0.87240687
 -0.25739521 -1.         -0.50024205 -0.05057966 -1.         -1.        ]
0.07669263151317106
============================================
[ 1.         -0.87681626  1.          1.          0.67338377  0.94744362
  0.96669189  1.         -1.          0.73129315 -1.          1.
  0.56356734  1.          1.         -0.62700164  1.          0.94819475
  0.66703267  0.96624537 -0.2022287   1.          0.6808688   0.7783696
 -1.         -1.          1.          0.27914358  1.         -1.
 -1.         -0.63745977 -1.         -0.73124724 -0.43225649 -1.
 -0.44552227 -1.         -0.1716224  -0.59206351 -0.75701342 -0.38035875
 -0.984501   -0.69916166 -1.         -1.         -1.         -1.
 -1.         -1.         -0.36846284 -1.         -0.40583878 -0.87240687
 -0.25739521 -1.         -0.50024205 -0.05057966 -1.         -1.        ]
0.07669263151317106
============================================
[ 1.         -0.87681626  1.          1.          0.67338377  0.94744362
  0.96669189  1.         -1.          0.73129315 -1.          1.
  0.56356734  1.          1.         -0.62700164  1.          0.94819475
  0.66703267  0.96624537 -0.2022287   1.          0.6808688   0.7783696
 -1.         -1.          1.          0.27914358  1.         -1.
 -1.         -0.63745977 -1.         -0.73124724 -0.43225649 -1.
 -0.44552227 -1.         -0.1716224  -0.59206351 -0.75701342 -0.38035875
 -0.984501   -0.69916166 -1.         -1.         -1.         -1.
 -1.         -1.         -0.36846284 -1.         -0.40583878 -0.87240687
 -0.25739521 -1.         -0.50024205 -0.05057966 -1.         -1.        ]
0.07669263151317106
============================================
[ 1.         -0.87681626  1.          1.          0.67338377  0.94744362
  0.96669189  1.         -1.          0.73129315 -1.          1.
  0.56356734  1.          1.         -0.62700164  1.          0.94819475
  0.66703267  0.96624537 -0.2022287   1.          0.6808688   0.7783696
 -1.         -1.          1.          0.27914358  1.         -1.
 -1.         -0.63745977 -1.         -0.73124724 -0.43225649 -1.
 -0.44552227 -1.         -0.1716224  -0.59206351 -0.75701342 -0.38035875
 -0.984501   -0.69916166 -1.         -1.         -1.         -1.
 -1.         -1.         -0.36846284 -1.         -0.40583878 -0.87240687
 -0.25739521 -1.         -0.50024205 -0.05057966 -1.         -1.        ]
0.07669263151317106
============================================
[ 1.         -0.87681626  1.          1.          0.67338377  0.94744362
  0.96669189  1.         -1.          0.73129315 -1.          1.
  0.56356734  1.          1.         -0.62700164  1.          0.94819475
  0.66703267  0.96624537 -0.2022287   1.          0.6808688   0.7783696
 -1.         -1.          1.          0.27914358  1.         -1.
 -1.         -0.63745977 -1.         -0.73124724 -0.43225649 -1.
 -0.44552227 -1.         -0.1716224  -0.59206351 -0.75701342 -0.38035875
 -0.984501   -0.69916166 -1.         -1.         -1.         -1.
 -1.         -1.         -0.36846284 -1.         -0.40583878 -0.87240687
 -0.25739521 -1.         -0.50024205 -0.05057966 -1.         -1.        ]
0.07669263151317106
============================================
[ 1.         -0.87681626  1.          1.          0.67338377  0.94744362
  0.96669189  1.         -1.          0.73129315 -1.          1.
  0.56356734  1.          1.         -0.62700164  1.          0.94819475
  0.66703267  0.96624537 -0.2022287   1.          0.6808688   0.7783696
 -1.         -1.          1.          0.27914358  1.         -1.
 -1.         -0.63745977 -1.         -0.73124724 -0.43225649 -1.
 -0.44552227 -1.         -0.1716224  -0.59206351 -0.75701342 -0.38035875
 -0.984501   -0.69916166 -1.         -1.         -1.         -1.
 -1.         -1.         -0.36846284 -1.         -0.40583878 -0.87240687
 -0.25739521 -1.         -0.50024205 -0.05057966 -1.         -1.        ]
0.07669263151317106
============================================
[ 1.         -0.87681626  1.          1.          0.67338377  0.94744362
  0.96669189  1.         -1.          0.73129315 -1.          1.
  0.56356734  1.          1.         -0.62700164  1.          0.94819475
  0.66703267  0.96624537 -0.2022287   1.          0.6808688   0.7783696
 -1.         -1.          1.          0.27914358  1.         -1.
 -1.         -0.63745977 -1.         -0.73124724 -0.43225649 -1.
 -0.44552227 -1.         -0.1716224  -0.59206351 -0.75701342 -0.38035875
 -0.984501   -0.69916166 -1.         -1.         -1.         -1.
 -1.         -1.         -0.36846284 -1.         -0.40583878 -0.87240687
 -0.25739521 -1.         -0.50024205 -0.05057966 -1.         -1.        ]
0.07669263151317106
============================================
[ 1.         -0.87681626  1.          1.          0.67338377  0.94744362
  0.96669189  1.         -1.          0.73129315 -1.          1.
  0.56356734  1.          1.         -0.62700164  1.          0.94819475
  0.66703267  0.96624537 -0.2022287   1.          0.6808688   0.7783696
 -1.         -1.          1.          0.27914358  1.         -1.
 -1.         -0.63745977 -1.         -0.73124724 -0.43225649 -1.
 -0.44552227 -1.         -0.1716224  -0.59206351 -0.75701342 -0.38035875
 -0.984501   -0.69916166 -1.         -1.         -1.         -1.
 -1.         -1.         -0.36846284 -1.         -0.40583878 -0.87240687
 -0.25739521 -1.         -0.50024205 -0.05057966 -1.         -1.        ]
0.07669263151317106
============================================
[ 1.         -0.87681626  1.          1.          0.67338377  0.94744362
  0.96669189  1.         -1.          0.73129315 -1.          1.
  0.56356734  1.          1.         -0.62700164  1.          0.94819475
  0.66703267  0.96624537 -0.2022287   1.          0.6808688   0.7783696
 -1.         -1.          1.          0.27914358  1.         -1.
 -1.         -0.63745977 -1.         -0.73124724 -0.43225649 -1.
 -0.44552227 -1.         -0.1716224  -0.59206351 -0.75701342 -0.38035875
 -0.984501   -0.69916166 -1.         -1.         -1.         -1.
 -1.         -1.         -0.36846284 -1.         -0.40583878 -0.87240687
 -0.25739521 -1.         -0.50024205 -0.05057966 -1.         -1.        ]
0.07669263151317106
============================================
[ 1.         -0.87681626  1.          1.          0.67338377  0.94744362
  0.96669189  1.         -1.          0.73129315 -1.          1.
  0.56356734  1.          1.         -0.62700164  1.          0.94819475
  0.66703267  0.96624537 -0.2022287   1.          0.6808688   0.7783696
 -1.         -1.          1.          0.27914358  1.         -1.
 -1.         -0.63745977 -1.         -0.73124724 -0.43225649 -1.
 -0.44552227 -1.         -0.1716224  -0.59206351 -0.75701342 -0.38035875
 -0.984501   -0.69916166 -1.         -1.         -1.         -1.
 -1.         -1.         -0.36846284 -1.         -0.40583878 -0.87240687
 -0.25739521 -1.         -0.50024205 -0.05057966 -1.         -1.        ]
0.07669263151317106
============================================
[ 1.         -0.87681626  1.          1.          0.67338377  0.94744362
  0.96669189  1.         -1.          0.73129315 -1.          1.
  0.56356734  1.          1.         -0.62700164  1.          0.94819475
  0.66703267  0.96624537 -0.2022287   1.          0.6808688   0.7783696
 -1.         -1.          1.          0.27914358  1.         -1.
 -1.         -0.63745977 -1.         -0.73124724 -0.43225649 -1.
 -0.44552227 -1.         -0.1716224  -0.59206351 -0.75701342 -0.38035875
 -0.984501   -0.69916166 -1.         -1.         -1.         -1.
 -1.         -1.         -0.36846284 -1.         -0.40583878 -0.87240687
 -0.25739521 -1.         -0.50024205 -0.05057966 -1.         -1.        ]
0.07669263151317106
============================================
[ 1.         -0.87681626  1.          1.          0.67338377  0.94744362
  0.96669189  1.         -1.          0.73129315 -1.          1.
  0.56356734  1.          1.         -0.62700164  1.          0.94819475
  0.66703267  0.96624537 -0.2022287   1.          0.6808688   0.7783696
 -1.         -1.          1.          0.27914358  1.         -1.
 -1.         -0.63745977 -1.         -0.73124724 -0.43225649 -1.
 -0.44552227 -1.         -0.1716224  -0.59206351 -0.75701342 -0.38035875
 -0.984501   -0.69916166 -1.         -1.         -1.         -1.
 -1.         -1.         -0.36846284 -1.         -0.40583878 -0.87240687
 -0.25739521 -1.         -0.50024205 -0.05057966 -1.         -1.        ]
0.07669263151317106
============================================
[ 1.         -0.87681626  1.          1.          0.67338377  0.94744362
  0.96669189  1.         -1.          0.73129315 -1.          1.
  0.56356734  1.          1.         -0.62700164  1.          0.94819475
  0.66703267  0.96624537 -0.2022287   1.          0.6808688   0.7783696
 -1.         -1.          1.          0.27914358  1.         -1.
 -1.         -0.63745977 -1.         -0.73124724 -0.43225649 -1.
 -0.44552227 -1.         -0.1716224  -0.59206351 -0.75701342 -0.38035875
 -0.984501   -0.69916166 -1.         -1.         -1.         -1.
 -1.         -1.         -0.36846284 -1.         -0.40583878 -0.87240687
 -0.25739521 -1.         -0.50024205 -0.05057966 -1.         -1.        ]
0.07669263151317106
============================================
[ 1.         -0.87681626  1.          1.          0.67338377  0.94744362
  0.96669189  1.         -1.          0.73129315 -1.          1.
  0.56356734  1.          1.         -0.62700164  1.          0.94819475
  0.66703267  0.96624537 -0.2022287   1.          0.6808688   0.7783696
 -1.         -1.          1.          0.27914358  1.         -1.
 -1.         -0.63745977 -1.         -0.73124724 -0.43225649 -1.
 -0.44552227 -1.         -0.1716224  -0.59206351 -0.75701342 -0.38035875
 -0.984501   -0.69916166 -1.         -1.         -1.         -1.
 -1.         -1.         -0.36846284 -1.         -0.40583878 -0.87240687
 -0.25739521 -1.         -0.50024205 -0.05057966 -1.         -1.        ]
0.07669263151317106
============================================
[ 1.         -0.87681626  1.          1.          0.67338377  0.94744362
  0.96669189  1.         -1.          0.73129315 -1.          1.
  0.56356734  1.          1.         -0.62700164  1.          0.94819475
  0.66703267  0.96624537 -0.2022287   1.          0.6808688   0.7783696
 -1.         -1.          1.          0.27914358  1.         -1.
 -1.         -0.63745977 -1.         -0.73124724 -0.43225649 -1.
 -0.44552227 -1.         -0.1716224  -0.59206351 -0.75701342 -0.38035875
 -0.984501   -0.69916166 -1.         -1.         -1.         -1.
 -1.         -1.         -0.36846284 -1.         -0.40583878 -0.87240687
 -0.25739521 -1.         -0.50024205 -0.05057966 -1.         -1.        ]
0.07669263151317106
============================================
[ 1.         -0.87681626  1.          1.          0.67338377  0.94744362
  0.96669189  1.         -1.          0.73129315 -1.          1.
  0.56356734  1.          1.         -0.62700164  1.          0.94819475
  0.66703267  0.96624537 -0.2022287   1.          0.6808688   0.7783696
 -1.         -1.          1.          0.27914358  1.         -1.
 -1.         -0.63745977 -1.         -0.73124724 -0.43225649 -1.
 -0.44552227 -1.         -0.1716224  -0.59206351 -0.75701342 -0.38035875
 -0.984501   -0.69916166 -1.         -1.         -1.         -1.
 -1.         -1.         -0.36846284 -1.         -0.40583878 -0.87240687
 -0.25739521 -1.         -0.50024205 -0.05057966 -1.         -1.        ]
0.07669263151317106
============================================
[ 1.         -0.87681626  1.          1.          0.67338377  0.94744362
  0.96669189  1.         -1.          0.73129315 -1.          1.
  0.56356734  1.          1.         -0.62700164  1.          0.94819475
  0.66703267  0.96624537 -0.2022287   1.          0.6808688   0.7783696
 -1.         -1.          1.          0.27914358  1.         -1.
 -1.         -0.63745977 -1.         -0.73124724 -0.43225649 -1.
 -0.44552227 -1.         -0.1716224  -0.59206351 -0.75701342 -0.38035875
 -0.984501   -0.69916166 -1.         -1.         -1.         -1.
 -1.         -1.         -0.36846284 -1.         -0.40583878 -0.87240687
 -0.25739521 -1.         -0.50024205 -0.05057966 -1.         -1.        ]
0.07669263151317106
============================================
[ 1.         -0.87681626  1.          1.          0.67338377  0.94744362
  0.96669189  1.         -1.          0.73129315 -1.          1.
  0.56356734  1.          1.         -0.62700164  1.          0.94819475
  0.66703267  0.96624537 -0.2022287   1.          0.6808688   0.7783696
 -1.         -1.          1.          0.27914358  1.         -1.
 -1.         -0.63745977 -1.         -0.73124724 -0.43225649 -1.
 -0.44552227 -1.         -0.1716224  -0.59206351 -0.75701342 -0.38035875
 -0.984501   -0.69916166 -1.         -1.         -1.         -1.
 -1.         -1.         -0.36846284 -1.         -0.40583878 -0.87240687
 -0.25739521 -1.         -0.50024205 -0.05057966 -1.         -1.        ]
0.07669263151317106
============================================
[ 1.         -0.87681626  1.          1.          0.67338377  0.94744362
  0.96669189  1.         -1.          0.73129315 -1.          1.
  0.56356734  1.          1.         -0.62700164  1.          0.94819475
  0.66703267  0.96624537 -0.2022287   1.          0.6808688   0.7783696
 -1.         -1.          1.          0.27914358  1.         -1.
 -1.         -0.63745977 -1.         -0.73124724 -0.43225649 -1.
 -0.44552227 -1.         -0.1716224  -0.59206351 -0.75701342 -0.38035875
 -0.984501   -0.69916166 -1.         -1.         -1.         -1.
 -1.         -1.         -0.36846284 -1.         -0.40583878 -0.87240687
 -0.25739521 -1.         -0.50024205 -0.05057966 -1.         -1.        ]
0.07669263151317106
============================================
[ 1.         -0.87681626  1.          1.          0.67338377  0.94744362
  0.96669189  1.         -1.          0.73129315 -1.          1.
  0.56356734  1.          1.         -0.62700164  1.          0.94819475
  0.66703267  0.96624537 -0.2022287   1.          0.6808688   0.7783696
 -1.         -1.          1.          0.27914358  1.         -1.
 -1.         -0.63745977 -1.         -0.73124724 -0.43225649 -1.
 -0.44552227 -1.         -0.1716224  -0.59206351 -0.75701342 -0.38035875
 -0.984501   -0.69916166 -1.         -1.         -1.         -1.
 -1.         -1.         -0.36846284 -1.         -0.40583878 -0.87240687
 -0.25739521 -1.         -0.50024205 -0.05057966 -1.         -1.        ]
0.07669263151317106
============================================
[ 1.         -0.87681626  1.          1.          0.67338377  0.94744362
  0.96669189  1.         -1.          0.73129315 -1.          1.
  0.56356734  1.          1.         -0.62700164  1.          0.94819475
  0.66703267  0.96624537 -0.2022287   1.          0.6808688   0.7783696
 -1.         -1.          1.          0.27914358  1.         -1.
 -1.         -0.63745977 -1.         -0.73124724 -0.43225649 -1.
 -0.44552227 -1.         -0.1716224  -0.59206351 -0.75701342 -0.38035875
 -0.984501   -0.69916166 -1.         -1.         -1.         -1.
 -1.         -1.         -0.36846284 -1.         -0.40583878 -0.87240687
 -0.25739521 -1.         -0.50024205 -0.05057966 -1.         -1.        ]
0.07669263151317106
============================================
[ 1.         -0.87681626  1.          1.          0.67338377  0.94744362
  0.96669189  1.         -1.          0.73129315 -1.          1.
  0.56356734  1.          1.         -0.62700164  1.          0.94819475
  0.66703267  0.96624537 -0.2022287   1.          0.6808688   0.7783696
 -1.         -1.          1.          0.27914358  1.         -1.
 -1.         -0.63745977 -1.         -0.73124724 -0.43225649 -1.
 -0.44552227 -1.         -0.1716224  -0.59206351 -0.75701342 -0.38035875
 -0.984501   -0.69916166 -1.         -1.         -1.         -1.
 -1.         -1.         -0.36846284 -1.         -0.40583878 -0.87240687
 -0.25739521 -1.         -0.50024205 -0.05057966 -1.         -1.        ]
0.07669263151317106
============================================
[ 1.         -0.87681626  1.          1.          0.67338377  0.94744362
  0.96669189  1.         -1.          0.73129315 -1.          1.
  0.56356734  1.          1.         -0.62700164  1.          0.94819475
  0.66703267  0.96624537 -0.2022287   1.          0.6808688   0.7783696
 -1.         -1.          1.          0.27914358  1.         -1.
 -1.         -0.63745977 -1.         -0.73124724 -0.43225649 -1.
 -0.44552227 -1.         -0.1716224  -0.59206351 -0.75701342 -0.38035875
 -0.984501   -0.69916166 -1.         -1.         -1.         -1.
 -1.         -1.         -0.36846284 -1.         -0.40583878 -0.87240687
 -0.25739521 -1.         -0.50024205 -0.05057966 -1.         -1.        ]
0.07669263151317106
============================================
[ 1.         -0.87681626  1.          1.          0.67338377  0.94744362
  0.96669189  1.         -1.          0.73129315 -1.          1.
  0.56356734  1.          1.         -0.62700164  1.          0.94819475
  0.66703267  0.96624537 -0.2022287   1.          0.6808688   0.7783696
 -1.         -1.          1.          0.27914358  1.         -1.
 -1.         -0.63745977 -1.         -0.73124724 -0.43225649 -1.
 -0.44552227 -1.         -0.1716224  -0.59206351 -0.75701342 -0.38035875
 -0.984501   -0.69916166 -1.         -1.         -1.         -1.
 -1.         -1.         -0.36846284 -1.         -0.40583878 -0.87240687
 -0.25739521 -1.         -0.50024205 -0.05057966 -1.         -1.        ]
0.07669263151317106
============================================
[ 1.         -0.87681626  1.          1.          0.67338377  0.94744362
  0.96669189  1.         -1.          0.73129315 -1.          1.
  0.56356734  1.          1.         -0.62700164  1.          0.94819475
  0.66703267  0.96624537 -0.2022287   1.          0.6808688   0.7783696
 -1.         -1.          1.          0.27914358  1.         -1.
 -1.         -0.63745977 -1.         -0.73124724 -0.43225649 -1.
 -0.44552227 -1.         -0.1716224  -0.59206351 -0.75701342 -0.38035875
 -0.984501   -0.69916166 -1.         -1.         -1.         -1.
 -1.         -1.         -0.36846284 -1.         -0.40583878 -0.87240687
 -0.25739521 -1.         -0.50024205 -0.05057966 -1.         -1.        ]
0.07669263151317106
============================================
[ 1.         -0.87681626  1.          1.          0.67338377  0.94744362
  0.96669189  1.         -1.          0.73129315 -1.          1.
  0.56356734  1.          1.         -0.62700164  1.          0.94819475
  0.66703267  0.96624537 -0.2022287   1.          0.6808688   0.7783696
 -1.         -1.          1.          0.27914358  1.         -1.
 -1.         -0.63745977 -1.         -0.73124724 -0.43225649 -1.
 -0.44552227 -1.         -0.1716224  -0.59206351 -0.75701342 -0.38035875
 -0.984501   -0.69916166 -1.         -1.         -1.         -1.
 -1.         -1.         -0.36846284 -1.         -0.40583878 -0.87240687
 -0.25739521 -1.         -0.50024205 -0.05057966 -1.         -1.        ]
0.07669263151317106
============================================
[ 1.         -0.87681626  1.          1.          0.67338377  0.94744362
  0.96669189  1.         -1.          0.73129315 -1.          1.
  0.56356734  1.          1.         -0.62700164  1.          0.94819475
  0.66703267  0.96624537 -0.2022287   1.          0.6808688   0.7783696
 -1.         -1.          1.          0.27914358  1.         -1.
 -1.         -0.63745977 -1.         -0.73124724 -0.43225649 -1.
 -0.44552227 -1.         -0.1716224  -0.59206351 -0.75701342 -0.38035875
 -0.984501   -0.69916166 -1.         -1.         -1.         -1.
 -1.         -1.         -0.36846284 -1.         -0.40583878 -0.87240687
 -0.25739521 -1.         -0.50024205 -0.05057966 -1.         -1.        ]
0.07669263151317106
============================================
[ 1.         -0.87681626  1.          1.          0.67338377  0.94744362
  0.96669189  1.         -1.          0.73129315 -1.          1.
  0.56356734  1.          1.         -0.62700164  1.          0.94819475
  0.66703267  0.96624537 -0.2022287   1.          0.6808688   0.7783696
 -1.         -1.          1.          0.27914358  1.         -1.
 -1.         -0.63745977 -1.         -0.73124724 -0.43225649 -1.
 -0.44552227 -1.         -0.1716224  -0.59206351 -0.75701342 -0.38035875
 -0.984501   -0.69916166 -1.         -1.         -1.         -1.
 -1.         -1.         -0.36846284 -1.         -0.40583878 -0.87240687
 -0.25739521 -1.         -0.50024205 -0.05057966 -1.         -1.        ]
0.07669263151317106
============================================
[ 1.         -0.87681626  1.          1.          0.67338377  0.94744362
  0.96669189  1.         -1.          0.73129315 -1.          1.
  0.56356734  1.          1.         -0.62700164  1.          0.94819475
  0.66703267  0.96624537 -0.2022287   1.          0.6808688   0.7783696
 -1.         -1.          1.          0.27914358  1.         -1.
 -1.         -0.63745977 -1.         -0.73124724 -0.43225649 -1.
 -0.44552227 -1.         -0.1716224  -0.59206351 -0.75701342 -0.38035875
 -0.984501   -0.69916166 -1.         -1.         -1.         -1.
 -1.         -1.         -0.36846284 -1.         -0.40583878 -0.87240687
 -0.25739521 -1.         -0.50024205 -0.05057966 -1.         -1.        ]
0.07669263151317106
============================================
[ 1.         -0.87681626  1.          1.          0.67338377  0.94744362
  0.96669189  1.         -1.          0.73129315 -1.          1.
  0.56356734  1.          1.         -0.62700164  1.          0.94819475
  0.66703267  0.96624537 -0.2022287   1.          0.6808688   0.7783696
 -1.         -1.          1.          0.27914358  1.         -1.
 -1.         -0.63745977 -1.         -0.73124724 -0.43225649 -1.
 -0.44552227 -1.         -0.1716224  -0.59206351 -0.75701342 -0.38035875
 -0.984501   -0.69916166 -1.         -1.         -1.         -1.
 -1.         -1.         -0.36846284 -1.         -0.40583878 -0.87240687
 -0.25739521 -1.         -0.50024205 -0.05057966 -1.         -1.        ]
0.07669263151317106
============================================
[ 1.         -0.87681626  1.          1.          0.67338377  0.94744362
  0.96669189  1.         -1.          0.73129315 -1.          1.
  0.56356734  1.          1.         -0.62700164  1.          0.94819475
  0.66703267  0.96624537 -0.2022287   1.          0.6808688   0.7783696
 -1.         -1.          1.          0.27914358  1.         -1.
 -1.         -0.63745977 -1.         -0.73124724 -0.43225649 -1.
 -0.44552227 -1.         -0.1716224  -0.59206351 -0.75701342 -0.38035875
 -0.984501   -0.69916166 -1.         -1.         -1.         -1.
 -1.         -1.         -0.36846284 -1.         -0.40583878 -0.87240687
 -0.25739521 -1.         -0.50024205 -0.05057966 -1.         -1.        ]
0.07669263151317106
============================================
[ 1.         -0.87681626  1.          1.          0.67338377  0.94744362
  0.96669189  1.         -1.          0.73129315 -1.          1.
  0.56356734  1.          1.         -0.62700164  1.          0.94819475
  0.66703267  0.96624537 -0.2022287   1.          0.6808688   0.7783696
 -1.         -1.          1.          0.27914358  1.         -1.
 -1.         -0.63745977 -1.         -0.73124724 -0.43225649 -1.
 -0.44552227 -1.         -0.1716224  -0.59206351 -0.75701342 -0.38035875
 -0.984501   -0.69916166 -1.         -1.         -1.         -1.
 -1.         -1.         -0.36846284 -1.         -0.40583878 -0.87240687
 -0.25739521 -1.         -0.50024205 -0.05057966 -1.         -1.        ]
0.07669263151317106
============================================
[ 1.         -0.87681626  1.          1.          0.67338377  0.94744362
  0.96669189  1.         -1.          0.73129315 -1.          1.
  0.56356734  1.          1.         -0.62700164  1.          0.94819475
  0.66703267  0.96624537 -0.2022287   1.          0.6808688   0.7783696
 -1.         -1.          1.          0.27914358  1.         -1.
 -1.         -0.63745977 -1.         -0.73124724 -0.43225649 -1.
 -0.44552227 -1.         -0.1716224  -0.59206351 -0.75701342 -0.38035875
 -0.984501   -0.69916166 -1.         -1.         -1.         -1.
 -1.         -1.         -0.36846284 -1.         -0.40583878 -0.87240687
 -0.25739521 -1.         -0.50024205 -0.05057966 -1.         -1.        ]
0.07669263151317106
============================================
[ 1.         -0.87681626  1.          1.          0.67338377  0.94744362
  0.96669189  1.         -1.          0.73129315 -1.          1.
  0.56356734  1.          1.         -0.62700164  1.          0.94819475
  0.66703267  0.96624537 -0.2022287   1.          0.6808688   0.7783696
 -1.         -1.          1.          0.27914358  1.         -1.
 -1.         -0.63745977 -1.         -0.73124724 -0.43225649 -1.
 -0.44552227 -1.         -0.1716224  -0.59206351 -0.75701342 -0.38035875
 -0.984501   -0.69916166 -1.         -1.         -1.         -1.
 -1.         -1.         -0.36846284 -1.         -0.40583878 -0.87240687
 -0.25739521 -1.         -0.50024205 -0.05057966 -1.         -1.        ]
0.07669263151317106
============================================
[ 1.         -0.87681626  1.          1.          0.67338377  0.94744362
  0.96669189  1.         -1.          0.73129315 -1.          1.
  0.56356734  1.          1.         -0.62700164  1.          0.94819475
  0.66703267  0.96624537 -0.2022287   1.          0.6808688   0.7783696
 -1.         -1.          1.          0.27914358  1.         -1.
 -1.         -0.63745977 -1.         -0.73124724 -0.43225649 -1.
 -0.44552227 -1.         -0.1716224  -0.59206351 -0.75701342 -0.38035875
 -0.984501   -0.69916166 -1.         -1.         -1.         -1.
 -1.         -1.         -0.36846284 -1.         -0.40583878 -0.87240687
 -0.25739521 -1.         -0.50024205 -0.05057966 -1.         -1.        ]
0.07669263151317106
============================================
[ 1.         -0.87681626  1.          1.          0.67338377  0.94744362
  0.96669189  1.         -1.          0.73129315 -1.          1.
  0.56356734  1.          1.         -0.62700164  1.          0.94819475
  0.66703267  0.96624537 -0.2022287   1.          0.6808688   0.7783696
 -1.         -1.          1.          0.27914358  1.         -1.
 -1.         -0.63745977 -1.         -0.73124724 -0.43225649 -1.
 -0.44552227 -1.         -0.1716224  -0.59206351 -0.75701342 -0.38035875
 -0.984501   -0.69916166 -1.         -1.         -1.         -1.
 -1.         -1.         -0.36846284 -1.         -0.40583878 -0.87240687
 -0.25739521 -1.         -0.50024205 -0.05057966 -1.         -1.        ]
0.07669263151317106
============================================
[ 1.         -0.87681626  1.          1.          0.67338377  0.94744362
  0.96669189  1.         -1.          0.73129315 -1.          1.
  0.56356734  1.          1.         -0.62700164  1.          0.94819475
  0.66703267  0.96624537 -0.2022287   1.          0.6808688   0.7783696
 -1.         -1.          1.          0.27914358  1.         -1.
 -1.         -0.63745977 -1.         -0.73124724 -0.43225649 -1.
 -0.44552227 -1.         -0.1716224  -0.59206351 -0.75701342 -0.38035875
 -0.984501   -0.69916166 -1.         -1.         -1.         -1.
 -1.         -1.         -0.36846284 -1.         -0.40583878 -0.87240687
 -0.25739521 -1.         -0.50024205 -0.05057966 -1.         -1.        ]
0.07669263151317106
============================================
[ 1.         -0.87681626  1.          1.          0.67338377  0.94744362
  0.96669189  1.         -1.          0.73129315 -1.          1.
  0.56356734  1.          1.         -0.62700164  1.          0.94819475
  0.66703267  0.96624537 -0.2022287   1.          0.6808688   0.7783696
 -1.         -1.          1.          0.27914358  1.         -1.
 -1.         -0.63745977 -1.         -0.73124724 -0.43225649 -1.
 -0.44552227 -1.         -0.1716224  -0.59206351 -0.75701342 -0.38035875
 -0.984501   -0.69916166 -1.         -1.         -1.         -1.
 -1.         -1.         -0.36846284 -1.         -0.40583878 -0.87240687
 -0.25739521 -1.         -0.50024205 -0.05057966 -1.         -1.        ]
0.07669263151317106
============================================
[ 1.         -0.87681626  1.          1.          0.67338377  0.94744362
  0.96669189  1.         -1.          0.73129315 -1.          1.
  0.56356734  1.          1.         -0.62700164  1.          0.94819475
  0.66703267  0.96624537 -0.2022287   1.          0.6808688   0.7783696
 -1.         -1.          1.          0.27914358  1.         -1.
 -1.         -0.63745977 -1.         -0.73124724 -0.43225649 -1.
 -0.44552227 -1.         -0.1716224  -0.59206351 -0.75701342 -0.38035875
 -0.984501   -0.69916166 -1.         -1.         -1.         -1.
 -1.         -1.         -0.36846284 -1.         -0.40583878 -0.87240687
 -0.25739521 -1.         -0.50024205 -0.05057966 -1.         -1.        ]
0.07669263151317106
============================================
[ 1.         -0.87681626  1.          1.          0.67338377  0.94744362
  0.96669189  1.         -1.          0.73129315 -1.          1.
  0.56356734  1.          1.         -0.62700164  1.          0.94819475
  0.66703267  0.96624537 -0.2022287   1.          0.6808688   0.7783696
 -1.         -1.          1.          0.27914358  1.         -1.
 -1.         -0.63745977 -1.         -0.73124724 -0.43225649 -1.
 -0.44552227 -1.         -0.1716224  -0.59206351 -0.75701342 -0.38035875
 -0.984501   -0.69916166 -1.         -1.         -1.         -1.
 -1.         -1.         -0.36846284 -1.         -0.40583878 -0.87240687
 -0.25739521 -1.         -0.50024205 -0.05057966 -1.         -1.        ]
0.07669263151317106
============================================
[ 1.         -0.87681626  1.          1.          0.67338377  0.94744362
  0.96669189  1.         -1.          0.73129315 -1.          1.
  0.56356734  1.          1.         -0.62700164  1.          0.94819475
  0.66703267  0.96624537 -0.2022287   1.          0.6808688   0.7783696
 -1.         -1.          1.          0.27914358  1.         -1.
 -1.         -0.63745977 -1.         -0.73124724 -0.43225649 -1.
 -0.44552227 -1.         -0.1716224  -0.59206351 -0.75701342 -0.38035875
 -0.984501   -0.69916166 -1.         -1.         -1.         -1.
 -1.         -1.         -0.36846284 -1.         -0.40583878 -0.87240687
 -0.25739521 -1.         -0.50024205 -0.05057966 -1.         -1.        ]
0.07669263151317106
============================================
[ 1.         -0.87681626  1.          1.          0.67338377  0.94744362
  0.96669189  1.         -1.          0.73129315 -1.          1.
  0.56356734  1.          1.         -0.62700164  1.          0.94819475
  0.66703267  0.96624537 -0.2022287   1.          0.6808688   0.7783696
 -1.         -1.          1.          0.27914358  1.         -1.
 -1.         -0.63745977 -1.         -0.73124724 -0.43225649 -1.
 -0.44552227 -1.         -0.1716224  -0.59206351 -0.75701342 -0.38035875
 -0.984501   -0.69916166 -1.         -1.         -1.         -1.
 -1.         -1.         -0.36846284 -1.         -0.40583878 -0.87240687
 -0.25739521 -1.         -0.50024205 -0.05057966 -1.         -1.        ]
0.07669263151317106
============================================
[ 1.         -0.87681626  1.          1.          0.67338377  0.94744362
  0.96669189  1.         -1.          0.73129315 -1.          1.
  0.56356734  1.          1.         -0.62700164  1.          0.94819475
  0.66703267  0.96624537 -0.2022287   1.          0.6808688   0.7783696
 -1.         -1.          1.          0.27914358  1.         -1.
 -1.         -0.63745977 -1.         -0.73124724 -0.43225649 -1.
 -0.44552227 -1.         -0.1716224  -0.59206351 -0.75701342 -0.38035875
 -0.984501   -0.69916166 -1.         -1.         -1.         -1.
 -1.         -1.         -0.36846284 -1.         -0.40583878 -0.87240687
 -0.25739521 -1.         -0.50024205 -0.05057966 -1.         -1.        ]
0.07669263151317106
